 0 1
  2       8.85807    -7.80781    10.13694
  2     -10.77280   -14.66441     5.38523
  2      -4.07828    10.46637    13.79635
  2     -14.35129    -0.44409   -11.69181
  2       1.83660    -0.49804    13.82966
  2       5.47617    -6.95784   -13.71438
  2     -10.70855     1.12008    -9.54934
  2     -15.16033    15.38609    -8.10938
  2      -7.35794    -9.72707    11.66429
  2     -14.85269   -12.06172    -4.91480
  2     -11.55753   -10.38812    -2.05002
  2       8.83393    -7.55032    -5.92131
  2      11.52044     2.36968     8.28674
  2       8.64939    -1.71837     4.45075
  2     -13.53039    12.12414    -2.85847
  2      -8.63123     3.49650     5.25198
  2      -5.81332   -12.70428    13.57598
  2      12.38545    -7.99375    -9.28725
  2       8.13051   -14.40785     2.89003
  2      11.25145    -5.95146   -13.92608
  2     -11.82107   -15.17071   -13.30282
  2      10.86026     0.47490    -1.03549
  2      11.25368   -13.19913     0.50491
  2     -10.35855     7.03358    -3.41781
  2      14.94569     8.47190    -0.10761
  2       0.63795    -2.27510    -5.15188
  2      -5.51947     4.09269   -10.25739
  2      11.16985     7.68380    10.15907
  2       8.91753     5.94627    11.30268
  2      -3.77601    -9.03052   -13.20036
  2     -15.04655     8.08491    -7.48032
  2      -8.11487    12.74986    -4.41085
  2      -5.18278     9.76274    -9.16582
  2       1.45451   -12.80879    -5.13061
  2      14.22892    -4.29334    -0.55206
  2      -6.58657     4.14170   -12.81075
  2      -2.29286    14.85534     9.79296
  2      10.51011   -16.00350     1.21526
  2      10.25090   -14.55592   -14.26451
  2       7.92588    -2.92970     7.37390
  2       4.87108   -13.94507    10.65245
  2      -0.55331    11.78474     9.04242
  2      10.35661     1.04644     6.53491
  2       2.80403    13.67932    10.74773
  2      -3.78311    -7.01047     5.21942
  2     -15.58324    -0.44979    12.12012
  2     -12.90585    -6.18969    -1.00953
  2      -2.92370    -9.79860     4.80015
  2      -1.91574    -0.24985    -8.36525
  2      13.64020   -12.52071     7.44657
  2      11.27535    10.74331    -4.69151
  2      -7.05504     7.41594    -6.72928
  2      -7.51809    -9.62132    -5.63614
  2      13.28017     7.69462   -12.76788
  2      -6.87086     8.22517    13.90566
  2      13.18563    13.73719    11.43794
  2      13.47554    10.53001   -12.52159
  2      -6.41741    -2.46016     9.39742
  2      -5.52122     2.73130   -15.51929
  2      -2.44328     3.69371    -9.19595
  2       8.33720   -14.38881    -0.32970
  2      -1.98893     6.26691     4.59093
  2       6.77876    -9.83491     9.44088
  2     -13.25647    14.51389    12.57495
  2      11.81621    -5.39718    -2.12966
  2       6.11231    -7.68938     5.18463
  2     -14.01440    -7.27941    14.13768
  2     -14.59112     4.56519     7.31527
  2       2.62900   -14.81233     3.97446
  2       0.11481   -10.45354    -7.85986
  2       8.42387    -1.59145    14.84350
  2       2.79122    -4.37484    13.14076
  2      -2.01606     3.52311   -12.19536
  2      -1.13551    -4.85520   -10.19821
  2       2.44024     3.20256    -1.89698
  2     -10.60300    -2.72997     6.86596
  2       1.76630     5.00996    -3.95232
  2      -5.20350   -15.26229    14.94274
  2      -5.08219     6.91103     3.64866
  2      13.43355    -1.94334   -13.96035
  2      14.10073   -12.91089     0.39969
  2       1.33750     4.38881     2.60803
  2       6.34820   -12.70458     0.40956
  2      13.99326   -10.49739     2.33609
  2       1.70922    -8.26838    -9.51228
  2       5.20343     7.63405     3.96303
  2      10.20042    13.08183    13.95804
  2      14.82400    12.18350    13.13433
  2       2.44285     3.92882    12.22549
  2      -4.29503     7.53950    -5.08056
  2     -10.37517     1.49540     2.42798
  2      -6.01489   -13.45138     4.15340
  2       2.39625    -6.10888     1.47503
  2      13.34036   -13.52806    -2.15238
  2     -11.51276     6.20472    12.54642
  2      -2.48522     2.00938    11.47578
  2     -10.23831     4.17640   -12.71642
  2      14.54087    -2.84542    10.92882
  2       5.17034    12.94547    11.76809
  2      -5.76198     9.39012   -12.23830
  2       3.38426    -1.01222    10.96921
  2      10.94261    -1.96062     7.73522
  2      -6.69039    -9.99131   -14.25464
  2       1.41167    -7.12581    12.56918
  2       4.00025     8.98561    -0.64608
  2      -8.20466   -11.99883    14.96127
  2     -13.62565     0.19233    -0.58658
  2      -3.75130    -8.44034    11.59043
  2      14.19814     4.77440    -7.63946
  2      -7.96176    14.70179     8.71437
  2       3.54639   -10.45878     6.47702
  2      -9.96781    -2.52831    -7.19984
  2     -11.62127    -8.07163    -5.09713
  2       7.89280   -10.83663    -3.11487
  2      -6.62036    -1.65419    12.14844
  2      -1.09502   -11.57744    12.48780
  2      -0.74321   -12.26888     1.10881
  2       3.52121    -5.27172     6.88851
  2       3.80385     7.62415    -8.95201
  2     -13.34749     2.24492    -6.71112
  2     -11.30616     1.24023     6.16797
  2     -11.22954    -0.40020    -0.16514
  2      -9.16834    -8.15387   -14.98541
  2      -3.61575    -0.74258    14.19428
  2      -1.88678     9.89932     7.09330
  2      -9.92811    13.30482   -12.52525
  2       1.43197   -12.79818    -1.60704
  2     -11.27427     3.88800     6.57503
  2       4.45917   -11.26203     8.95934
  2      14.44813     1.10046    15.27942
  2       3.70847     3.00736     8.13422
  2      -7.13507    10.27691     1.54555
  2       5.15438    14.41947    -0.54369
  2      -0.67813   -11.37982     4.67063
  2     -10.69871     4.71218     8.97570
  2      13.64311     5.88005     9.11206
  2      -6.02497   -13.20096     8.26242
  2      -0.56523     4.74736    10.81252
  2      13.30585     9.44214     7.14202
  2      12.11278    14.80659    -6.66768
  2      -2.44743   -11.32776   -12.72632
  2       4.40244    10.20841     1.51108
  2       0.15073     5.30998   -13.00730
  2       3.66706     1.44659    -9.41288
  2     -13.99860     2.25138    -3.93261
  2      -8.89466    10.18409     9.09776
  2      11.65902     4.16660    14.80773
  2     -10.06146     0.58655    -2.49417
  2      14.19803    -4.41691    -3.24113
  2       6.11806    -4.27320    12.72200
  2      -1.55989    -0.32704    -5.54647
  2       4.08643   -14.42043    -2.72829
  2      11.73939    11.25883   -10.45952
  2       8.75395     5.17352   -12.45277
  2     -14.45491    -9.75666     2.76579
  2     -13.73086   -14.22783    -6.42355
  2       9.99811   -13.38146    12.49504
  2      -2.46389    11.57559    -1.45008
  2     -12.80595    -1.42008     6.64164
  2      -5.53194     7.49906   -14.35252
  2       0.50922    -6.01110    -6.90552
  2      -7.91867   -14.51021    -3.35971
  2     -12.45255   -12.76035    -9.88482
  2      -8.76509    -3.02937    13.22534
  2       6.71456    15.03476    -8.67016
  2       5.95978    -0.03378    -2.35788
  2       3.14302    12.41284     8.43212
  2      12.34810     2.23053    -2.25999
  2      -3.64678   -12.16243     6.97742
  2      13.05641     7.24021    15.45477
  2      -6.50737     8.93456     8.38891
  2      -7.87538   -11.52136    -8.12241
  2     -15.11387    -2.03119   -13.99593
  2       7.19917    -0.94687    -6.11841
  2     -15.60029     5.85332    -3.79407
  2      -9.15117    10.73646   -11.04055
  2      -1.21684    -8.35673    -6.53148
  2      -4.08121    13.11530    14.08508
  2     -13.05534     0.78775     3.20896
  2     -14.93401   -12.36398     2.04610
  2      -9.41992    -5.37172    10.30997
  2       5.95710     3.42060   -15.54535
  2     -14.44367   -10.86512    15.54444
  2       8.48781   -12.01275    -5.70996
  2     -10.55725    -8.76844   -12.09247
  2      -0.35585    -4.71111    -0.06210
  2      -7.36242     4.31794     7.65332
  2       2.15975    -3.92670    -3.53121
  2      -3.70234    -2.11791     3.37378
  2     -14.03396     6.98991     8.14230
  2      -5.97990   -10.14022     8.46096
  2       7.87538    -3.74063     0.45975
  2       8.51164     9.90314    -8.89286
  2       6.19668    11.42749    -6.74176
  2      -4.87475   -12.14798    10.42214
  2       3.70899     6.83713    -2.48980
  2       7.72641     0.52567     5.39525
  2      -2.18201     9.42539    11.20152
  2     -10.92750    12.18191    12.37582
  2       8.57096    10.50973    -0.14368
  2     -14.01397     4.53197    12.88965
  2       0.04927     7.80005     3.52103
  2      -3.76100   -12.17314   -10.57880
  2     -10.65110   -11.82614    -7.27707
  2      -6.76950    12.46829     9.22741
  2       4.75728   -10.67706   -13.02828
  2       9.26232    -7.76649     4.78548
  2     -15.15085    10.81618   -14.65523
  2     -11.07177     1.88646    14.76437
  2       6.42127     8.37890     0.24403
  2      13.08181    10.13430     1.74962
  2     -11.82385     5.65683     4.65922
  2       5.17964   -11.89589    12.14046
  2     -13.51988    13.94011   -13.12880
  2       2.13499    -1.49040     8.01060
  2     -15.57953     1.25454     5.38440
  2       5.65942    -7.67867    -3.49209
  2      -0.10643    -2.52287    -8.64695
  2       3.18156    -9.76403    11.09867
  2     -15.07913     2.61587   -13.36230
  2      11.35091     1.22964    14.20664
  2     -15.50616    12.33337    -1.11749
  2      -6.78013     5.42300    -4.78934
  2       2.61674    -0.20798    -4.73286
  2       3.76997    -4.64396     4.10845
  2      -7.65979     7.17112    -2.76182
  2      -7.36543    14.71587     0.12391
  2      12.80037   -15.54227     3.84986
  2       9.25685     1.68923     0.87372
  2       7.93070   -10.66716   -12.32729
  2       0.17350    -4.09623     9.59584
  2     -12.28489    12.24242   -14.57117
  2     -12.68188    -7.89368     1.46339
  2      -6.73362   -14.00469   -12.58545
  2       5.09378    14.67643    -4.28984
  2       8.30771     5.57560    -3.11335
  2     -13.74568    -9.15199    -0.57376
  2      -6.69302     1.01918    -0.95392
  2      11.46386    -4.89537     6.21266
  2       3.06758     2.43253    -6.14262
  2      -4.20046    12.46561    -3.33260
  2       7.64809    -3.47535    -2.78738
  2      -1.76764   -14.72574    -6.34545
  2     -13.90346     4.70536     9.97599
  2      -7.02791    -1.51344     1.50666
  2      -0.11468     3.45996    -1.29313
  2      10.69487   -10.91036    -3.22914
  2      11.88612   -13.15779     4.74118
  2       0.74766    -5.82206     3.84381
  2       5.92224     3.15352    -3.32992
  2      11.36688   -16.17190     9.55598
  2      12.62544    -9.25771    -0.81575
  2       3.67228    11.74260    -4.07467
  2      -6.39611   -12.77199   -10.08993
  2       1.43105     5.28501     6.23738
  2      -8.04737   -12.85623    11.71792
  2     -10.26110     7.50383     5.99538
  2      -2.25693    -3.21031    -2.89767
  2      -1.17127    13.96051    -1.60776
  2       8.58812    -5.35666    -7.44200
  2      10.25481    -3.37831    -2.18247
  2      -0.60887     7.44701     6.82384
  2      -5.46133   -13.32305    -6.17024
  2       0.37329    -6.42158   -11.77369
  2      -4.32129   -11.34103   -14.87387
  2     -13.58457    -3.02049    -2.59074
  2      -5.55571    12.51617    -5.56934
  2     -11.46980     3.86731     0.63628
  2       6.95535     3.56710    11.94623
  2       6.26824     5.82549     8.28857
  2     -11.01944   -10.12864    13.11640
  2      -1.35982    12.44989    12.49725
  2      -1.44822    14.44761    15.59124
  2      -3.46978     0.28446    -3.55116
  2     -13.36045    -5.28904     2.87856
  2      13.82210    -9.13821     7.96894
  2      -9.52951   -13.08443    -1.57391
  2      12.97380    -5.25697    13.77823
  2       4.02508     0.36164     6.01945
  2       4.22484    -5.64721    -0.93246
  2     -15.22952     8.22795   -10.51114
  2      -9.88848    -5.97759     2.98566
  2      -6.62603    12.29492    -0.11603
  2      -3.62162     2.19432    -7.04779
  2      -6.07576    -4.77506    -4.58181
  2       0.38152    -9.09360    -2.61463
  2     -11.65511    13.92505    -3.14973
  2       8.65084     8.66734    -5.64723
  2     -13.66531    -5.66469     9.82006
  2      -6.85165   -13.92013     1.28141
  2      14.68951    -4.83329    15.92214
  2     -15.10116   -10.46900    -9.38460
  2      -0.78385   -14.46582    -0.04315
  2     -11.48315   -14.92257    10.98281
  2     -13.40433    -4.44184     7.35749
  2     -15.12072    11.14524    -7.22552
  2      10.05975    13.17230   -12.84399
  2     -15.83809    14.49167    -5.58996
  2      13.92503   -15.30241     6.67339
  2       7.80697    -6.71169     6.72461
  2      -5.08247     2.48940    -3.20155
  2      -8.39062    -5.51627   -10.46895
  2      -9.75796     7.03415    -6.20760
  2      -8.71063   -12.62035     5.00303
  2     -14.04934   -13.55920    15.47811
  2       6.22813    -5.50978     3.33397
  2     -15.55054    14.82732   -15.04033
  2      -7.84318   -11.79756    -3.14851
  2      -4.45032    15.06447    -4.63032
  2       7.62498     2.15584    -5.31101
  2      13.50206     0.24978     7.91094
  2      -6.29970    -7.66526     7.79162
  2       4.39636   -15.81298    -9.97409
  2      -5.63782    -2.89576   -11.15067
  2       3.32641     3.64684     5.63441
  2       0.69320     2.30223     5.09352
  2      -6.56086    -0.78290     7.04397
  2      -3.51654     7.26403    11.52830
  2      -2.70124     4.09606     7.03062
  2     -15.66132    -0.20815    -4.21958
  2     -15.57647    -7.95442     6.49208
  2     -12.44867   -15.62382    -9.76410
  2       2.85045    12.45679   -11.78825
  2     -12.47042     4.54416    -3.68699
  2      -3.11091     7.18456   -11.41143
  2       6.14836     8.53212   -10.35604
  2      14.49823     4.75574    15.39593
  2      10.92704    10.64024     8.25673
  2     -14.45897    -7.16451   -14.06084
  2       1.31013     1.18080     8.07218
  2       6.15378     3.17959     9.31772
  2     -11.34334   -11.21257     0.22642
  2      13.26522     3.47347     2.63712
  2      -1.45883     9.55670     1.81980
  2      -4.40500    -9.81253    -9.02836
  2       1.75149   -14.01538    11.15791
  2       8.33915     6.16982    -9.55371
  2       4.80116    -5.41021    -7.21599
  2      -0.06249     2.05555    -4.92764
  2       0.23295    13.90129     3.07377
  2       5.45575    -0.17297   -13.05061
  2      -5.89510    -5.07146   -14.29475
  2      -3.82330   -11.02236    -4.97351
  2       9.84899    -1.21810    -7.35873
  2       5.73484     5.12669     2.69625
  2     -11.96010    -9.79699    10.17124
  2      -3.11093     1.96930   -14.38833
  2      13.54484    12.07395    -5.43749
  2       6.57510   -14.59083     5.51182
  2       4.32741     1.54730    13.95486
  2      14.64543    14.86197     1.37023
  2       3.60767     1.62451    11.23095
  2       7.88438    13.86836     2.58592
  2       6.33430     7.44575   -12.79537
  2      13.70836     0.85493     1.33807
  2      -4.18531     4.43952     1.82644
  2      11.05860     2.96516     4.81046
  2       0.09753     6.41818     1.28493
  2      -2.86636    -4.34944     8.07559
  2      -2.68183    -3.87190    13.74751
  2     -15.41178   -14.69084   -10.77984
  2      -6.54939    13.58403     4.28164
  2       9.68314     6.62327     5.88885
  2       5.50861    10.25723    10.82271
  2      -6.64685    10.59217    -3.38023
  2       6.16663    -3.74306     5.17443
  2       7.32858    11.81292     7.40439
  2      -5.84832     9.21705    11.58188
  2       4.89491    -2.31221     7.32826
  2      13.24457     9.70814    10.77882
  2       5.06481    -5.74807     8.92816
  2       4.72861    -3.17555    10.65019
  2       7.41472    -5.97069   -12.02252
  2      10.03013   -11.83160     2.32076
  2       3.69977    -0.74948     1.98065
  2       9.49044     2.83249    -3.19068
  2       8.84723     8.68444    -2.16712
  2      -8.03183    -7.24634   -12.56960
  2      13.18415    -7.54413     3.65074
  2     -13.72537    10.98505     0.18822
  2       4.15682     2.07294     2.26041
  2     -13.49876   -14.69047    -1.00196
  2      11.15594   -12.30633    -5.95258
  2     -11.84233   -12.51484     3.12705
  2      -0.97967    -7.54235   -14.87204
  2       9.43405    12.59692     5.14507
  2       6.40051   -12.58306    -7.51264
  2      -8.28567    11.43982     3.72083
  2      -1.30949     0.49213     0.33812
  2      13.46747     9.52110     4.45412
  2      13.98318   -12.15024   -12.72767
  2       8.19369   -15.16125    11.97906
  2      12.42399     7.66046    -8.71993
  2       1.99149    -9.55631     2.29737
  2      -7.67719    -1.74774   -11.70979
  2      -5.50386    -0.43398    -9.51652
  2      10.38461     7.56571   -12.34865
  2       4.71592    13.83109   -13.20529
  2      -0.49154   -10.37279   -14.75239
  2     -14.22481    10.47649    12.96040
  2      11.46815    -5.87521    -6.07966
  2      -3.43791    -4.84347   -13.15442
  2       4.71047     5.74410    -4.94967
  2      11.15077     5.10648     8.62162
  2       3.96172    -1.08904    -0.69531
  2       8.96058     1.91869     8.89742
  2     -11.67271    10.18553    -1.22201
  2     -12.34678    -8.13961     6.90590
  2       1.83773    14.13707    -4.02747
  2       8.96822    -1.38024     1.76513
  2      -3.99494    -1.71322    -0.37616
  2       1.38531     7.53694   -11.48908
  2      12.77869   -15.21150   -11.96486
  2      11.14092    -7.34134    -0.10626
  2     -13.36787     4.38044   -12.39081
  2      11.19238    12.10966    -0.25186
  2     -11.93364     8.15063     9.95690
  2      -9.97230    -5.40801    13.78699
  2      13.59168     0.90048    11.23156
  2       9.09714   -14.78207    -9.41442
  2      -5.60985     7.19189     0.73875
  2     -15.69016   -14.88609    11.95960
  2       3.42229   -11.78292     3.57531
  2      -4.07116    -5.15209    -2.72434
  2     -14.00558    -3.32087    -6.34247
  2       1.99707     7.87452     1.51607
  2      -6.27420    -1.56919    -6.15350
  2       1.85612     9.07463    -2.68219
  2      14.07156   -12.78596    10.23927
  2       9.59616    -2.21641    12.11950
  2      -8.39433    13.11894    11.51423
  2       5.59493   -14.02694   -11.65319
  2      12.49062    -8.26763   -12.12987
  2      -5.02317     4.17877    13.50527
  2      15.36170     2.06133     9.53159
  2     -10.80665    10.71641     5.26179
  2      -1.70069   -10.87607    -0.97023
  2     -14.77237     5.95407     4.78295
  2     -15.16675    -7.07124     2.49712
  2       6.43679    -8.63794    -5.74933
  2      -8.18683    -8.59156    -2.82078
  2       2.81488     9.74179     8.91022
  2      12.47117     5.05380    -9.64043
  2      14.17576    12.12165    -9.34511
  2       8.63019     6.29779    -0.19745
  2      -3.60903   -10.94392    13.57714
  2      12.08311     7.80497     3.39508
  2       2.75102    -6.79867   -14.16925
  2      -7.99562   -14.68100   -15.07616
  2     -15.22050     8.76971     3.59945
  2      -0.05936    10.87378    -1.20484
  2       8.60134   -14.36852     9.11440
  2      -8.12245    -1.42249    -2.12159
  2      10.50039    -9.37929    -7.77338
  2      11.39258     5.53442    -3.52249
  2      11.09019    -9.33150    10.37253
  2       5.85089     4.48203    -7.17677
  2       0.14127    -7.99942    10.65482
  2       1.65042     7.81896    -5.18795
  2      15.24620    -5.29635    11.71246
  2     -12.59699     7.69066     0.18996
  2     -10.70136     0.27326    12.60625
  2      -1.13160     4.55531    15.07291
  2      -9.26101     7.31700     8.59257
  2      -7.37388     1.35820    14.69950
  2       6.35958    11.91528   -14.46440
  2       7.66834   -11.48226    -9.63160
  2     -10.38068    10.39093    14.43119
  2       9.30381    -8.77702     7.36572
  2       3.06833    13.26071    -9.11052
  2      -4.41611   -11.26708     0.25449
  2       3.69161     6.00571     0.31214
  2       6.30253    12.37631    -3.80288
  2     -13.28422    -4.53788   -12.91698
  2       1.68779   -15.22335    -6.61392
  2      10.37327    10.05659     2.55893
  2      -6.04611    10.27273    15.32921
  2       0.05716     2.03221    14.90217
  2      15.54462     4.91411   -11.10774
  2       0.17424     1.55660    11.06353
  2       4.91907     5.58682    12.34544
  2       0.26323     8.56624    -7.23931
  2       3.00791    -2.03871    -6.62540
  2     -13.73469     3.40575     2.56260
  2      -2.50792   -11.08814    10.53903
  2       1.93735     0.26491    -2.04725
  2       4.20867    -5.48898    -9.64378
  2      -5.56385    -9.02152    -3.77094
  2       4.14196    11.69432    -1.13299
  2     -10.05365     2.53197    10.79025
  2      12.87232    13.07017   -15.70799
  2      10.97485    -0.07028    11.15972
  2      -4.96340     8.03613    -2.05138
  2       1.22130    -9.46179   -11.69377
  2     -10.55796   -12.25357    -3.87658
  2      -5.24182     5.32915    -2.20520
  2      -0.98730    12.09305     5.96939
  2      -9.30058     8.05428    15.35221
  2       4.15448     5.36193   -14.98168
  2      14.05725     2.83728    13.09838
  2      -2.23555     1.57237     7.73705
  2      -5.41256   -11.55144    -2.39413
  2      -2.99128     4.77113   -14.09294
  2     -12.06240     8.29861    14.27438
  2       4.10154   -11.35262     1.20303
  2      12.93996    10.09337    -7.64853
  2     -11.58398    -1.94496    15.05558
  2      15.14490    -1.36914     5.73396
  2      -4.29700    11.04240     6.86117
  2      -0.46927    -9.49022     1.39135
  2       4.69426    -8.56347    -0.72148
  2     -14.39227    10.74964     5.29551
  2     -13.63180    -9.98859    13.06044
  2     -13.89055     2.30193    -9.63996
  2       5.66051    -5.24732    -4.17129
  2      -3.84806    12.16552     2.93180
  2      -9.37596   -13.38510     0.84414
  2     -13.78134    13.33341     5.77757
  2      -7.28084     5.39481     2.09721
  2     -13.03126   -12.77959    -3.13324
  2      13.31059   -13.08570    -9.73346
  2      14.41143     3.82833    -2.49942
  2     -13.00373   -12.68462    10.55436
  2       7.02328    -8.05408     2.43706
  2       8.48565     1.55108    15.42668
  2      -1.78097     9.10740    15.46324
  2       9.63873     2.14322    11.53901
  2      11.81856    -2.56940     4.57838
  2       9.93133    -3.83469    -5.81109
  2      12.44284    -9.51863   -14.41664
  2      -3.80343    -5.63330   -10.26571
  2     -12.04245    10.04484     7.93205
  2       4.24519    -7.91043     3.02176
  2     -13.94676    -1.25043     2.01540
  2      15.42083   -15.00490     4.20675
  2       7.42878     9.55989   -14.51693
  2     -13.23573   -15.10054     7.48250
  2      -4.25314    -2.26206    11.31685
  2       9.72100    -7.18383     2.10367
  2      -3.08375     0.85446   -10.56387
  2      -3.59272    13.09964     5.40535
  2     -13.47338     1.39235    12.49645
  2       4.31568    13.54263    15.04795
  2      10.87308     6.43657    -6.52406
  2     -13.27257   -11.84211     7.64003
  2      -2.25548    -5.76318    -7.81424
  2       1.15049    11.02613    12.51209
  2       4.09282    11.36611     3.75503
  2      13.99785    -7.10612    -1.30893
  2       5.87424     4.19681    -9.73030
  2      10.23487     1.81529    -7.20232
  2       6.77325    14.90463    14.12607
  2       2.92408   -12.78330    -8.53446
  2       4.79206     8.50813    -6.35646
  2       2.27307   -12.66479    15.02460
  2       8.53387    13.42373   -14.82627
  2     -10.46918   -10.57778   -14.63782
  2       9.94212   -15.43055     4.34237
  2       1.24893    -9.70531     7.80120
  2       6.87443    -5.44786    -9.62005
  2       9.11051     9.02256     9.60798
  2      -5.24954     0.81342    -5.53573
  2       4.41297   -15.52161     2.16468
  2      -7.63510    -7.63478    13.76346
  2     -16.15299   -15.63955    -2.91756
  2       4.50522   -15.57978     7.73432
  2      -8.70604     8.14427   -12.54332
  2      -7.05697    -7.19186     1.28453
  2      -7.89877    10.52855     6.30991
  2      10.97920   -12.22300   -10.00928
  2       8.54535     4.67629     7.88974
  2       6.24790     8.18210     6.79544
  2      -1.87761   -11.97084    -8.47195
  2      13.70641    -9.61306    -6.64880
  2      -7.02218   -11.49224     2.20924
  2     -11.06618    -1.79468    -4.15973
  2      -8.14141    10.11740    -1.52962
  2      -0.25696     8.66283   -13.30971
  2     -11.70729   -10.71065     5.83776
  2      -6.06377    -6.38110    -8.98784
  2      -4.07462    -8.19857     2.77225
  2      -9.11833    -5.23199    -5.67922
  2      10.18423    -4.08199    14.25243
  2      -4.26516   -13.83661   -14.08117
  2      15.48941    13.11162   -11.63834
  2      -0.00510    -2.48413   -12.63912
  2      13.64706    -6.00930    -7.70668
  2      -9.56633    -8.66568     4.86685
  2      12.60586    -7.49840     6.16657
  2     -11.94491    -5.58335   -10.65166
  2      -0.01299     5.87547     8.70663
  2      -8.28059    -4.46455   -12.94688
  2      12.80691     6.34882     6.39380
  2      -6.13826    -2.83727    -2.61503
  2     -12.14512     7.98076     2.97827
  2      10.53861    -8.10574    13.24820
  2      -6.95695     1.33696    -7.97276
  2       2.36390    -2.56738     0.68384
  2      12.98041     5.23534    11.89370
  2       9.59875    13.29714    10.84312
  2       0.68677    -4.96720    15.38954
  2       8.80449   -11.59279    15.27425
  2      13.05558    -6.79009    10.32887
  2     -14.28097     8.69261    10.98489
  2      -5.46529     0.10485   -14.11954
  2       0.54599     2.12831    -8.91631
  2       9.94194    -0.77376    -9.96196
  2      -0.25860     6.17216    -2.05944
  2     -10.45755   -15.64054    -7.30351
  2       8.54901     3.28548     3.10843
  2       1.61744   -12.48351     5.93578
  2      -8.76725     6.28744    12.08731
  2       3.18320   -13.99940    -0.03552
  2      12.84415    -5.45262   -11.02038
  2       7.78331     1.78908    -9.92116
  2      -9.45727   -13.54448   -12.20503
  2     -13.45841    12.40805     8.09931
  2      -9.03323     2.84036   -10.71039
  2       1.63189     4.57890    14.67473
  2      11.78130     0.86755     3.09801
  2      -0.47726    14.52063     7.08494
  2     -11.27580    -7.83223    -9.81755
  2      11.34918   -16.08969    -3.93335
  2       3.05660   -10.87856    -2.10160
  2       1.05855     9.82491    15.29004
  2     -14.43815    -0.62909     9.15299
  2     -15.70303   -14.91069     8.87448
  2     -10.44574    12.46940     0.42479
  2       3.64065    10.19852    -9.76793
  2      12.80349   -11.36521    13.62840
  2       9.57418     2.21958   -11.93291
  2      -3.80144    12.18710   -14.18761
  2     -11.36566   -10.06240     3.25517
  2       8.50197    14.13124    -2.27532
  2     -10.76339     2.24802    -6.80735
  2      -1.25116     4.15999     1.43456
  2      -7.24545     9.91131    -6.90014
  2      -6.56197     1.88100     9.56757
  2     -12.74406    10.21696   -13.09248
  2       6.31952     6.96150    15.08848
  2       2.44506    13.65371    -1.08484
  2       8.55517    -8.09923   -15.39340
  2      11.65352   -15.98381    14.64201
  2     -10.49931    11.22990    -4.61494
  2      -7.22295    -6.34954    10.76025
  2      -4.51009    -3.24501     5.51086
  2       8.55507     4.31657    14.56560
  2       4.06399    -7.21287    13.10033
  2      -9.11553    -3.84264     0.74721
  2       0.01468     8.78351     9.17960
  2       1.99258    -9.73045   -14.50932
  2      -2.69380    -6.68134    -0.56341
  2      -8.92834     2.62033    -0.96687
  2     -13.84444     5.20446     0.66268
  2      -0.81501    -1.71759    14.33028
  2     -11.82256    -4.25897    11.23691
  2      14.48074    -4.35360     7.49963
  2       4.26227    -9.57994    -7.01326
  2      -0.35227    12.06070    -4.62168
  2     -12.39231     9.95297    -9.52031
  2     -11.49324    -4.42167    16.07552
  2      -8.95015    11.34760   -14.15180
  2     -11.87236   -14.76341    -4.79232
  2      -1.30596    13.02182   -11.71174
  2       8.35215   -11.44403    11.08975
  2       2.46603    -3.43839    -9.62407
  2     -11.62991    -0.47296    -6.79457
  2     -11.08811    12.94732   -10.08238
  2     -14.04959    -3.68488     0.30892
  2      -3.47781    -0.03485     1.86380
  2     -10.56579   -10.90738   -10.02895
  2     -10.67865   -13.46812     8.02695
  2       8.67342    -1.23846    -3.47735
  2       1.66409    -0.45768     4.47303
  2      -4.91852     5.19387     6.14173
  2     -14.95031     8.10876   -13.17794
  2       9.52050     9.08538     6.58814
  2     -11.96389    -2.68153     4.38454
  2      -7.03262    -9.67427   -11.50026
  2      -2.67363     5.68282     9.24739
  2     -10.21872     4.71219    -7.44473
  2      -0.81582     0.95533     3.28852
  2      -5.23433    -8.69068     0.31066
  2      14.87673    -5.06353   -12.63765
  2      -5.01494    -7.67815    15.29846
  2       5.47081    12.05299   -10.98709
  2      -3.24688    -5.30423    -5.20894
  2       4.16953    -3.05357   -11.97375
  2      -1.24041   -13.67297    10.44315
  2      14.46559    -1.58909    -8.47365
  2      -3.54928    -2.44508    -6.41245
  2      -0.58175    -1.96650     5.64835
  2       7.65746     2.65841   -13.34245
  2     -13.84292     0.15713    15.08360
  2      -8.59964     0.08524   -14.16100
  2       8.82649    11.93777    -4.51004
  2       5.85235    -8.48019    -8.98270
  2      -1.12514    -1.32570    10.48026
  2     -15.01211    10.65326     9.32958
  2      -3.63012     7.45333    -8.36256
  2       9.97240    -6.59836    -9.54459
  2      -0.29978    -7.83654     5.59972
  2       3.21143     2.82454   -12.05267
  2     -14.98026    -5.56778     5.04408
  2      10.35642   -11.95005     7.50491
  2      -3.68455     4.93241    -7.43416
  2      -0.95993     8.73357    -4.93279
  2      -5.65493     2.71756     5.50063
  2      14.53354    -1.75285     0.45135
  2       1.90253    11.27805     5.67254
  2      10.22021     5.37546     3.59683
  2      -3.89034   -13.89420     0.49314
  2      -1.49428    10.92171    -6.78566
  2      -8.67854     0.07575     4.51570
  2     -11.89762   -12.49538   -13.73684
  2       3.44608     5.71860     8.38673
  2      -4.19620     2.92542     9.49146
  2      -8.32628    -1.94286    -9.14381
  2     -14.19272   -10.88864   -12.55985
  2      10.62117    -3.34881     0.71514
  2      -2.00156    -0.51498   -13.31846
  2       6.58278   -10.01190     0.44686
  2      -1.70000    14.68988    -8.45144
  2      -4.12118    11.84148    10.32551
  2     -14.46469    -5.82757    -4.04620
  2       8.79112   -11.71696     5.44628
  2      11.93825    14.25598    -9.82359
  2      10.14749   -10.72639    13.23883
  2       3.07118     7.93256     6.72812
  2      -0.90593    -5.29789    11.90534
  2     -12.02870     0.68181    -3.92387
  2       0.26540    13.20059    -9.48722
  2      -3.00426   -15.30445    12.07401
  2      -7.47642    -4.27247     5.68809
  2     -14.14125     7.84491    -2.23082
  2       7.24072    -2.28059   -10.71632
  2       5.36147   -11.03564    -4.24246
  2      -4.07890     0.44361     5.55067
  2       2.51296    -7.47258    -5.46398
  2     -13.33779    -8.51490   -12.00380
  2       8.24913    -7.42511    -2.92624
  2      -8.51251     0.41466    10.85854
  2      14.69661    -7.68405    15.35885
  2      -2.95542     2.52477     3.23905
  2     -13.35346     2.55431     5.04571
  2      -4.71481    15.17842     3.79592
  2       7.09586     7.60343    -7.86082
  2      -9.73011     4.61715     2.65968
  2      -6.66705     5.63540    10.37680
  2      -3.54225    -6.46829    13.43080
  2     -11.98552    -5.04176    -7.22917
  2       3.98010    -8.76191   -10.98830
  2      -7.02535     4.49646    -7.95924
  2      -0.30320    -4.63435    -4.66635
  2       6.96761    -3.65954    -5.83200
  2       2.69605    -5.03449   -12.28344
  2      -7.35670    14.30084   -13.36464
  2       7.43619    -5.71290    14.51682
  2      -7.57650     6.33732     5.88836
  2     -10.07091    -9.21216    -8.10620
  2       5.29238    -3.52680    -0.11491
  2      13.13996    14.34866    -0.82655
  2       6.73081    14.95554     9.56525
  2     -14.42536    -7.13517   -10.24492
  2      -4.79171   -14.78330     6.31711
  2       0.28704     6.57264    -8.78144
  2     -11.07643     0.91653   -12.63316
  2      12.69356     5.18055    -0.09914
  2       2.50179     5.18100    -7.66132
  2     -13.62292    -3.12980    14.18094
  2      15.01263    -7.36763    -5.87440
  2      -8.10925     0.39050    -5.03487
  2      -5.31960   -16.37756     8.67442
  2       0.97378   -12.17828   -10.85004
  2     -11.89891   -13.83136    13.31126
  2      -3.00833     6.76455     0.47894
  2       7.80154     6.89038     3.00207
  2      -3.91278     2.13529    -0.77991
  2       5.69962     1.07395    -7.40405
  2       0.02706   -14.70890     4.36971
  2     -11.97816    -0.67078    10.44467
  2       7.03269    12.28094    -1.09789
  2      10.32847    -9.50923   -12.90824
  2      -7.71811     5.60380    15.96181
  2     -12.02787    -7.00070   -14.68806
  2       7.15033    14.20254     6.96642
  2       9.87255    -4.49516     4.02481
  2     -12.47334     2.14508     9.57618
  2      -9.01159   -10.58255     6.82370
  2       3.28931    10.65518    -6.30648
  2      13.52119    -1.81325   -10.98575
  2      13.85762    -9.97426    11.29234
  2      -6.48639     9.37443     4.15516
  2       6.24743    -4.28789   -13.89283
  2      13.74103     1.75950    -6.30467
  2      -2.88082    -3.20149   -11.08173
  2      -1.26481   -10.52402     8.07338
  2       1.72666     2.12620     0.82638
  2       0.93807   -10.61164    10.28953
  2      -5.50106    -3.29702    -7.96623
  2     -12.29304    -1.78775   -12.98475
  2      -6.72286    -4.64624    14.17127
  2      14.56574     1.04735   -11.59457
  2      -2.07777   -14.43960     7.37587
  2       9.90593     6.06808   -14.71214
  2      -9.81848   -13.88650    -9.35382
  2       2.99428   -15.24460    14.54461
  2      -3.36955     9.11618     4.38551
  2       1.01224    11.86940    -7.04829
  2       0.34476    -2.20215    -1.39805
  2      -4.34729   -14.25150    -2.14001
  2      14.61358    12.67625     8.36939
  2      -1.46557   -10.23299    -4.11680
  2     -13.52320     6.02609    -5.55228
  2       8.97946   -10.59152     0.24785
  2      -8.74159    -2.55845     3.41958
  2      -5.34184     1.72646    12.74174
  2     -14.67753    -6.03503    -7.75152
  2      -4.08262    10.75184     0.50237
  2       0.25395     2.46574   -11.75893
  2      -6.85437   -10.44902     4.86198
  2     -10.12561    15.31519    -1.25918
  2      12.74402    10.07249    15.20776
  2      14.12596    -7.54595    12.74512
  2       0.37590   -15.61895   -11.84405
  2      -8.41219    -4.74156    -2.76946
  2      13.32495     3.70869     6.37620
  2       1.91516     7.37558    14.60130
  2      -1.52852     9.09372    -9.23275
  2      13.80964    -2.12009    -4.93486
  2      -2.62172     3.96889    -3.28344
  2       7.12529     9.83581    -3.96862
  2       4.28499   -13.42740    -6.01274
  2     -10.55763    10.60500    -7.04919
  2       3.29780     5.51105   -11.07519
  2       3.52224    -8.05365     6.87907
  2      -9.65681     7.92419    -0.07377
  2      -8.99362     0.70677     8.34282
  2      -4.30504    12.81132    -8.40235
  2      14.68642     0.31518    -1.70136
  2       9.25321   -13.36256    -2.78227
  2       7.91894    10.61389     4.25962
  2      -6.83991     3.15310     3.32501
  2       5.75426     2.23881    -0.79904
  2       7.53661    11.97277    10.50459
  2      -0.92205     8.74579    -2.11232
  2       6.48800     0.42924     1.37371
  2      11.96897    12.37954     5.97848
  2      13.33711     8.10646    -5.83919
  2       9.15501    -9.03617   -10.60662
  2      -9.10720    -9.46520    -0.25510
  2      -6.05111   -14.42498    11.46029
  2       0.90676    -0.30234    -9.57107
  2     -10.13903     4.84472    -1.43393
  2      -4.42760   -15.19919    -7.93096
  2      11.70923    -1.36779     2.02944
  2     -10.85830    -2.32924   -10.25568
  2       3.63276   -14.66783   -13.25570
  2     -13.80819     4.91643   -15.13489
  2      -4.63674     7.40560     9.08925
  2      11.11623    -7.67167    -3.85323
  2     -14.38373   -12.79704    12.98523
  2      -1.51828   -14.13495    13.67626
  2      13.23559     2.02901    -8.92198
  2       6.38417   -10.15843    15.15542
  2       1.01201    12.22671     0.89003
  2       0.79275    13.74251    12.84491
  2      12.84021   -14.13234    12.23041
  2       7.87167    -5.03738    10.34179
  2       6.39806     4.99030     0.13779
  2      13.01705    -2.50445    13.20356
  2       0.85619   -12.69866   -13.60207
  2      -2.48581     4.74131    12.75962
  2      -2.98062     6.92405    14.31410
  2      10.02267     9.47246    15.69126
  2     -13.20510    14.28261     1.00236
  2     -14.00780    -2.42643    -9.50499
  2      -0.71070    15.16080    -4.12300
  2      -0.88036     4.70504    -5.27229
  2      14.74800     9.26748    14.19001
  2       6.74008    -0.26235     8.20197
  2     -14.30490    -8.49202     9.58905
  2     -10.58502    -6.67758     6.19880
  2      -4.19305    -3.29966   -15.21132
  2      -0.73609   -14.13578    -9.92843
  2      -6.76126   -15.80487    -8.79570
  2       3.83238     9.62902    12.89237
  2      -6.15664    -4.61773     2.15313
  2       6.54694   -13.42918   -14.07385
  2     -12.84615     7.25625   -14.60935
  2     -14.93093     2.51787    -0.63704
  2      -8.71965     9.89160    11.82562
  2      14.46360     6.61992     1.49034
  2      11.50147    -0.05659    -4.15548
  2       1.19432   -15.39572   -14.35366
  2     -14.11595    -0.17697    -7.15757
  2      13.95209   -13.62854    15.87013
  2     -10.45201    -3.14087     9.51771
  2     -10.77315   -15.68087    15.09397
  2     -12.96557     9.81095    -5.60370
  2     -11.55916    -5.21118    -4.54441
  2      14.51865   -13.14927    -7.11770
  2      -9.55781    -9.42075     9.09341
  2      -0.00866    -3.06699     3.06362
  2       6.58311     8.12478     9.96959
  2       0.85344    -0.04422   -12.53753
  2       4.95539    -1.49017    -4.32787
  2       9.58253   -15.89411    -7.15209
  2       9.69618    12.44383    -7.42395
  2       3.20740    13.46496     5.34526
  2       8.74486    -3.83848   -12.82040
  2     -10.26342    -6.60926     0.14806
  2       0.50143    12.66842   -14.71690
  2      13.43509    12.02161    -2.80421
  2     -10.67213     4.53077    15.00240
  2      -8.61273    -6.54746     7.76465
  2      -8.15767   -14.78914    -6.43273
  2      12.16460     2.78112   -11.26096
  2      15.51994     8.14726     6.22062
  2       8.91397    10.65526    13.22871
  2      -1.27001    -6.87073     2.21636
  2     -11.04519     7.29713   -12.26656
  2     -11.48357    13.03322    -7.42621
  2      13.59155    -4.84182     3.44776
  2       6.56108   -11.26224     3.25061
  2      -3.14563     9.09000   -13.28735
  2      -5.17189    14.45931    -1.51615
  2       0.40398    10.80231     3.34401
  2       1.31148    -4.29476     5.87198
  2       0.43844    -3.01829    12.35948
  2       3.57880   -10.45127    14.60270
  2       5.76003    -1.14156     4.30298
  2      13.40235   -10.36757   -10.28304
  2       8.36993    -0.26220   -12.22550
  2      10.08852     4.62569    -8.32978
  2      -9.74233     4.01746    -4.51308
  2      -6.39573    -7.77185     5.04237
  2      -3.54873    -0.80299     8.96179
  2      11.77137     2.11551   -14.07289
  2       4.62672    10.31555     6.92762
  2       1.45272    -7.91637    -0.31377
  2      -9.43959    -2.58171   -14.27123
  2     -13.45170   -14.71518     3.01430
  2     -12.29111    11.45202     2.50404
  2      -0.55794    -6.71774     8.19438
  2      -7.90621    12.78498    -9.46643
  2     -15.26835    12.88539     3.71221
  2       5.92566     4.33105   -12.78574
  2      10.68112     8.43773    -0.31195
  2      13.75114   -10.80933     5.39483
  2      -3.16267    -8.12057     8.19457
  2       5.36194    -1.39027    14.72676
  2       1.81926     6.89716    11.74786
  2      12.55606    -4.05987     9.08359
  2       6.24970     9.38528    13.75972
  2      -4.48118    -6.23974     9.64347
  2       1.94808   -10.13595    -5.11733
  2      13.04786     8.45207    -2.67315
  2      13.81135    -6.27313     1.24178
  2       3.23863     8.73457   -13.43058
  2      -8.19285    13.19615    14.32088
  2       6.72883    -0.81684    11.16294
  2       1.35574   -14.31513     7.45301
  2     -14.11170    -9.48367    -6.55041
  2     -15.50809     9.96686    -3.32861
  2      -7.09591    -8.95694    -8.77776
  2      -3.10276   -11.52542     2.85503
  2     -13.69268    -9.13508    -3.13013
  2       7.74909    -8.95708    12.16462
  2      10.26303    14.10305     7.15760
  2      -5.44730    12.13442   -10.71794
  2      14.36607   -10.92795    -2.56141
  2       2.75149    11.42963   -14.28551
  2      -3.07410    -7.89543    -3.04392
  2      10.85458    -0.35852   -13.18579
  2      -2.01673    -9.14846    14.21844
  2       4.37358    -1.28219    -9.25977
  2      -4.84707    14.78673   -12.08039
  2      13.35123   -13.96743    -4.79465
  2      -9.27753    14.08522     6.25972
  2       7.79731     3.47540     5.57314
  2       5.73777   -12.09900     6.20900
  2       5.44093    13.52629     4.17304
  2       8.12020    12.61942    -9.85922
  2     -12.20789    13.66797    10.30714
  2     -11.35641    -3.57770    -0.63361
  2       2.56687    -7.21725    -2.70401
  2       8.57552   -13.36160   -12.08920
  2      12.61632     4.24178    -5.51681
  2       4.53892    -5.13018    14.95047
  2      -7.11800     1.51472   -12.40159
  2     -15.41338    -4.65659   -10.30013
  2      -8.61678    14.16518     2.61592
  2      -3.51666    -4.31210     1.56824
  2      -6.53216     0.47508     3.01354
  2      -1.75165   -13.49525    -3.04690
  2      -3.31175   -15.02244   -10.36971
  2      -9.29899     7.60101     2.54681
  2       2.60999     1.05671   -14.42898
  2      -2.18290    -7.42735   -11.75153
