# 0 1
  -1      14.29475    15.23670     6.65917
  -1     -10.77613    12.13383   -12.38611
  -1      -4.58638     6.10332     6.03888
  -1     -14.32311   -11.91658   -11.47671
  -1       5.44081   -13.83669    13.73589
  -1     -11.58361   -11.10922   -12.33138
  -1     -10.98929    12.00072     0.85158
  -1     -11.16274    -8.58026    -0.72456
  -1      -2.06465    -7.41977     4.59997
  -1     -12.31065   -12.41412    13.32692
  -1     -14.64883   -12.11898     0.26540
  -1      -7.51150     6.25542   -14.06199
  -1      13.96500     5.50588   -12.01956
  -1       4.41313    -6.90254     9.73399
  -1      -8.25092   -14.04550    14.69212
  -1     -13.17917    -7.66965    -4.81275
  -1      11.73864   -13.62565    15.59322
  -1       5.27440   -13.83100     9.78055
  -1      12.41783    -2.72360     2.46205
  -1     -14.90848   -10.64890   -13.70591
  -1     -14.42153    12.19282   -12.23874
  -1       3.30470    -8.63362    -5.85553
  -1     -15.34902    -4.59993     6.89059
  -1      -0.29365     8.13451   -12.82202
  -1      14.52453    -0.59056   -10.06241
  -1      -3.13071     5.41563     1.28149
  -1      -0.06745    -9.30172     2.16700
  -1     -12.00694     9.58843   -14.28076
  -1       8.59542   -11.72801    11.43677
  -1      -8.32911    -1.11219   -14.70752
  -1      -2.06466     7.13052    -2.13645
  -1      12.90930   -12.74753    -0.55869
  -1      -3.13265     4.25838    -7.66687
  -1       8.43640   -12.47476    -1.76710
  -1      -8.71991    -9.10162     0.72375
  -1       9.55780     3.67391    10.87761
  -1      -2.68922     7.93318   -11.39461
  -1      -0.17771   -14.70253     0.43995
  -1      12.40667   -11.35895    13.77587
  -1       8.48454    -2.81975    12.13519
  -1       4.04393    -9.43947     1.51557
  -1     -10.69552   -15.62876    -3.57417
  -1       6.90819   -10.25908    -9.92891
  -1       6.80760    -5.43234    12.78716
  -1      -4.38176     1.28077   -14.72144
  -1       0.52670    -3.75189   -13.49008
  -1      -3.70990   -10.03048    -1.13775
  -1      11.56941    -9.20301    -1.33473
  -1     -11.91818     1.81164   -12.11567
  -1     -15.86196     2.04184     0.32425
  -1     -12.12305    -3.37086    11.16255
  -1      -7.15585     4.92085     0.51489
  -1       3.22528    -2.83443     2.19925
  -1      -1.31219    10.77631   -12.20915
  -1      -6.90518     8.67017     1.41253
  -1      -5.91444   -13.19763    15.15625
  -1      -3.03061     0.69416     6.57130
  -1      -2.34850     9.80017     1.15486
  -1      -2.85321    -2.62138    -5.85153
  -1      -2.87327    -6.71123    -3.88948
  -1       1.15229    -7.13417   -15.40394
  -1     -12.21606    -9.85759    -3.35803
  -1       2.17417    -9.16968    10.88847
  -1      -3.78013   -11.56100   -10.77688
  -1      -1.92842    -8.33591    -8.51492
  -1      -4.87168    -1.37455   -14.58012
  -1      -6.85414     2.59209   -13.33984
  -1      -3.23392     0.99644     2.79249
  -1      -3.35171     7.36290    -4.86109
  -1       0.73451    -3.14305    -3.08378
  -1       4.70282    -2.75657    15.24347
  -1      -7.15214    -7.74604    -8.29105
  -1      -0.90410     9.63465    -3.42762
  -1      -8.28861     8.36944    16.10189
  -1       4.06123     9.67235   -12.15197
  -1       2.05317    -5.71218    13.72678
  -1     -12.06176    -7.49329    -7.90984
  -1       1.54074    -7.93782     8.58918
  -1     -11.14909    -1.57390   -10.78447
  -1     -11.18156    -2.72142   -14.51318
  -1       6.06228    -9.41452     5.30269
  -1      -3.25216   -13.96095   -14.74074
  -1       2.34608     9.01990    -0.39124
  -1      -9.29046    -3.31818    12.32669
  -1     -13.52376     0.02400   -10.86380
  -1       0.58315     7.91631     7.21690
  -1      12.22452     2.35440     8.49741
  -1     -13.75574    -1.44315    -6.50949
  -1      -6.71405    -2.13387    -7.45385
  -1      -7.10936     1.58693    -6.83574
  -1     -15.54118    -1.71961     6.42766
  -1       1.57383    14.00658     0.62021
  -1       3.36717   -14.38011    12.02185
  -1     -12.98133    10.74761     4.89650
  -1       1.93471   -11.75166    11.58965
  -1      11.00417    12.68533    13.03354
  -1       6.02353    -2.24191    -7.21351
  -1      11.81730    -0.01380     6.07914
  -1      -3.87477   -12.97744     1.56693
  -1     -12.58344   -13.18815   -14.75849
  -1       6.27624    -8.68819    10.63927
  -1      15.12496    -2.06233     1.92201
  -1      11.47124    13.38472    -7.78497
  -1      -6.52260    -8.77052   -14.95705
  -1       4.02500    -6.02016     5.82297
  -1       5.34257    13.16654     5.44738
  -1     -15.50291     1.32113     7.88317
  -1     -10.90587     9.52961    -7.66683
  -1       5.43712    -9.37628    -4.82306
  -1       3.58653    12.35882    -5.59541
  -1       1.49498     1.87140    10.55179
  -1      -5.66489   -12.35893    -1.74284
  -1      -6.38790   -11.14892    -5.47445
  -1      11.20541     0.53181     2.36805
  -1     -12.45827    10.79820    -4.67165
  -1     -10.96027     9.25477     2.52058
  -1      12.46465    -9.31925    10.53798
  -1      13.90078    -2.35889     9.29834
  -1      12.29413     0.45277   -14.57441
  -1     -15.11368     3.47142     4.31083
  -1      11.03095    -6.89985    12.78347
  -1      -6.54192    -7.94066    12.02082
  -1      -4.26798    -3.22836    -8.25331
  -1       2.75920     5.44314    14.39720
  -1       6.27865    11.49176    -2.04246
  -1      13.09658    -5.21707     7.58476
  -1      15.36723    -8.11220   -11.03557
  -1      -9.24015     6.96347     0.04052
  -1       8.68561    -3.24431    -9.49541
  -1      -8.75198     4.37479    -3.71514
  -1      10.39727   -11.93274     9.38689
  -1      -4.60449    -6.94753    -8.16091
  -1       3.78319   -12.07019     0.16327
  -1       1.64735    -6.24370    -6.91406
  -1     -12.98935     4.90128     2.59771
  -1     -15.34099    12.47320    10.89057
  -1      -6.36031     0.25676     5.99473
  -1      -5.36161    14.75123     8.59277
  -1     -14.80291   -11.01573    -5.35811
  -1      -8.68885   -11.81809    -3.36153
  -1      -2.67243    -1.81194    13.01629
  -1     -11.34853     9.50620     6.42618
  -1      10.07164     9.42578    -2.07666
  -1       5.92407    -0.59053     0.90529
  -1     -13.53840    12.47334    -1.97307
  -1      -3.98386    10.67365   -13.40386
  -1      -3.69253   -10.91475     8.26369
  -1       7.96883     3.01191     9.07350
  -1      -5.35865    -3.90729     2.27570
  -1      11.61079    -9.60586     5.85695
  -1     -10.76271   -13.05896    -1.70364
  -1      12.39538    -1.48091    -5.50952
  -1      -9.60496     5.60986    -8.70063
  -1      -9.35891     6.68613     8.35401
  -1     -13.31995    -7.64998   -11.97621
  -1     -13.45833   -12.17623    10.43599
  -1     -13.13318    -8.77493     2.15142
  -1     -12.60525    10.12845   -11.57192
  -1      14.25076   -14.62792     2.88304
  -1       0.95178     7.67076    15.73023
  -1       3.74689    -3.59825    -1.82776
  -1      -4.92164     6.15921    -8.51763
  -1      -1.60717   -13.79063   -12.53898
  -1     -13.47300     9.75772    -9.05926
  -1       6.17495    -3.32521     5.02280
  -1       5.82330     2.54087    -0.06382
  -1       8.47807    -9.81500    -7.65869
  -1     -15.63939    10.41062     4.24644
  -1      -6.37972    13.57315    -0.41625
  -1      -8.16755   -14.81210   -10.07448
  -1       7.13534     5.45215     2.33517
  -1     -15.79806   -10.49604     2.14442
  -1      -2.50167    -3.05529    -3.06481
  -1       9.58946     1.62599    13.28721
  -1      14.95911     0.78789     5.23997
  -1      -6.38908    10.50731    -9.43216
  -1       7.90801     4.55006   -14.20343
  -1      -3.47514    10.80675     8.27638
  -1     -13.45689    -2.90829   -11.23060
  -1      -8.56636   -15.18912     4.00799
  -1      -9.71200   -10.71261     3.05922
  -1      -3.12441    -3.11683    10.77257
  -1      -5.99464    -0.82454     2.07262
  -1       1.31938    14.01334    14.21271
  -1      -0.52068    13.37976     3.74700
  -1       4.89918     6.34987    10.04680
  -1      -8.50047    10.20544   -13.17646
  -1       6.16587    -3.66747   -12.42022
  -1       6.31911   -13.22889     0.23313
  -1     -13.84882   -16.09285    12.66330
  -1      -2.46073   -14.12758    10.71806
  -1       1.46664    13.80093    -9.49596
  -1      -1.26536    12.33150    -9.64280
  -1       1.38428    15.59193    -2.72541
  -1      -7.19293    -6.19245    14.72950
  -1      -3.24767     8.92256    11.22271
  -1       8.64298   -14.20584     3.36614
  -1      -9.15944     8.05748    -9.17942
  -1       0.24372     3.56728    12.17529
  -1      -8.79064    12.33593     4.66575
  -1       3.24363   -14.33702     8.31471
  -1      -6.59121     6.60557    -2.01293
  -1      -2.41402   -12.15809     5.03221
  -1     -15.46576   -15.57707    -9.45492
  -1     -10.85027   -13.72875    -6.40543
  -1       6.83426    -7.84418   -10.32572
  -1       9.05393     4.34383    -8.20313
  -1      -4.48418    -5.28618    12.81362
  -1      -4.96757    -2.58965    13.66937
  -1       1.60192    14.77992   -11.96377
  -1     -15.30896    -8.99622    -0.13431
  -1      -0.93097     7.94962     9.80387
  -1      11.35168    14.88549     0.38035
  -1      -6.40123     9.58181    11.37332
  -1       3.96858    -4.13207    -4.86908
  -1       9.24554   -10.17573     7.39153
  -1      -1.10221    -4.04399     8.67995
  -1     -12.82519    -5.74776    10.80714
  -1       3.18941    -1.79218    -3.95381
  -1     -14.28607     1.03974    -6.17169
  -1      -8.00839     3.06862     4.78603
  -1       9.19533     6.86130    15.05918
  -1      -7.76770    -1.97236    -0.39188
  -1       7.72786    -6.38383    -8.06379
  -1      -0.02960     2.87333     7.93418
  -1      13.23344   -12.99286    11.53457
  -1      -1.81331    13.32632     9.39302
  -1      -2.13539    14.09924   -13.14988
  -1      12.10018    -3.02289    -0.65026
  -1      10.62121     6.42586    -5.75428
  -1      -2.18264    -8.19085     0.99646
  -1      -5.86078     3.33944   -11.15006
  -1       8.82126    -5.71148    -0.35743
  -1      -7.21400     5.61866   -10.25397
  -1      -5.93646    12.19281    12.04361
  -1       7.83709     6.99786    11.03882
  -1       2.48935     2.59486    -6.51885
  -1     -13.58685    -3.32743    -8.49124
  -1     -13.86031    -0.18388    11.72644
  -1     -10.13887    12.63806    -3.41442
  -1      14.04029     9.31534    12.23761
  -1      10.05337   -13.09848    -7.71195
  -1      -9.13990    -5.48848    10.51683
  -1      -6.45830     5.53960     7.90028
  -1     -14.90260   -12.54641    -8.82488
  -1      -0.85271     8.48951    -0.27098
  -1     -10.94116    -7.80740     3.08106
  -1       6.64231   -15.97600     6.75934
  -1       0.84846   -12.99880   -13.44837
  -1      -2.17019    -0.39897    -3.72508
  -1       4.73219   -15.13025   -15.02312
  -1      13.99768    13.38722    -8.32468
  -1     -11.71753    10.28972    -1.05490
  -1      -5.35871    12.56987    -3.98686
  -1       4.16699    -8.28629    13.39832
  -1      -3.79311    13.05559    13.56126
  -1     -12.19888     1.58906   -14.66465
  -1      -5.78692    -0.89716    -2.26054
  -1       9.37972    13.82386   -13.19444
  -1      10.19352   -14.95528    -9.94049
  -1       8.02935   -14.31145   -14.93267
  -1      -1.16538     5.56680    -4.94096
  -1      -8.33665   -12.82589    -0.34725
  -1      -1.57325   -11.34114    -9.08553
  -1       0.92295   -10.21812     4.51238
  -1     -10.18221    -3.09159     5.53097
  -1      12.07871     6.11734   -15.33967
  -1     -12.61850     7.65365     4.63330
  -1     -10.77037     4.21153   -11.77429
  -1      10.18770     1.14232     9.92267
  -1     -15.23322     7.75653    -6.85613
  -1       7.62763     9.30195    -7.04468
  -1       0.77179     7.21325    -7.31974
  -1       3.56868    13.96321    -1.52283
  -1      -0.18613   -13.96118     3.04340
  -1      -9.69872    -0.05028    -2.09395
  -1       9.89779     2.85722   -12.57575
  -1       1.46227   -12.75974     5.97782
  -1       6.11570    -4.84852     0.69918
  -1      14.27923     4.16792    -0.72124
  -1     -14.45604   -13.98865     8.25710
  -1       6.53243    -9.08045     2.56874
  -1       6.78443     1.40588   -13.36683
  -1      -1.10684    -4.60963    -9.18438
  -1      13.22952     1.93266    13.61191
  -1       4.33953     0.58924   -14.54361
  -1      -6.32684   -14.75193    -2.88636
  -1      13.43646   -14.58988    -6.12975
  -1       4.11846   -10.75507     4.10871
  -1      11.10202     3.34768     5.08585
  -1      -3.69880    -6.81314   -10.64451
  -1      10.86555    -7.23900   -13.31720
  -1       3.06855    11.57154    -3.19823
  -1       4.30203    -8.41788     7.60349
  -1      -2.10300    -7.00621     9.38282
  -1     -13.38512     5.79841    -6.38272
  -1       6.18255     6.29874    -9.78544
  -1     -14.67736     3.29267    -8.84836
  -1       5.10490     6.17900     4.89730
  -1      -0.48353     1.04559     5.61759
  -1      -6.48639     0.63125   -10.15998
  -1      -6.29727    -7.85354     8.50651
  -1     -13.78416     6.16863     0.24254
  -1       1.46271    11.41952    -7.26416
  -1      15.07161   -11.03643    13.95657
  -1     -11.09866   -14.29121     5.83145
  -1      -4.39506   -11.44758    12.03498
  -1      -3.08369    -9.52061    -4.49669
  -1      -4.21549    10.94225    -0.44167
  -1     -15.07350     2.52989    -3.87918
  -1      10.15307     5.05283    -0.25482
  -1     -12.46286    -4.96060     3.70117
  -1       8.49753     8.74147   -11.95584
  -1     -12.76342    12.60230   -10.13088
  -1      -0.38382   -15.52617     9.63582
  -1       9.50146    -3.03419     7.92677
  -1     -14.13892    -0.13855     1.17146
  -1      -4.46427     6.09222    14.73372
  -1     -12.50405    -2.00788    -0.18063
  -1      -7.60456     3.23412    -1.59232
  -1      -9.30505    -4.82612   -12.46567
  -1      -7.75474    -9.36667    13.76255
  -1      -3.62492    -9.05207    12.32712
  -1       4.84754    14.75358   -11.95240
  -1      -2.38460    -4.14848    -0.16616
  -1     -13.55235     1.51305     4.44302
  -1       3.31524    -6.06003    -0.49410
  -1     -10.84893    -5.53088    12.81077
  -1     -10.45292     1.99507    13.43844
  -1      14.81812    -2.59019    13.30784
  -1      14.83520     8.52720   -12.36028
  -1      10.24091     4.84777    -3.22951
  -1      -0.11703    13.20127    -2.05979
  -1       0.66767   -13.64937    -5.61991
  -1     -13.20806    -4.79077    -5.94202
  -1       5.76722   -12.14797     5.19212
  -1       9.04920     7.58589    -8.71909
  -1      13.14949    -4.75571    -5.84572
  -1       0.70339     5.57087    -9.75360
  -1      -2.67040    14.50826    -2.31131
  -1       7.53962    -1.55352     9.52592
  -1      -5.99724     4.14749    -7.09457
  -1       2.40769   -13.77042    -1.24768
  -1       7.79585   -11.27584   -15.31720
  -1       1.39410     6.17896     2.44911
  -1      -7.43363   -10.84544   -11.07509
  -1      -7.35982    -1.02095    13.57056
  -1      10.81637    11.39435    15.25721
  -1     -13.83750    -2.76018     3.08333
  -1     -10.13804    14.68672   -10.04477
  -1     -12.08068    14.90049   -14.25005
  -1      -1.59614     7.77472     4.94002
  -1      -7.43001     4.76766    10.32843
  -1       1.92949   -15.53099   -14.87182
  -1       4.83105    -2.20147    -9.85427
  -1      -5.73279    -7.35300    -0.85666
  -1      -6.78062    -3.34978   -14.30253
  -1     -12.75116   -16.30149    -8.84866
  -1       8.88694    -3.88566     4.90948
  -1     -14.65056    -8.80424    -2.67499
  -1       8.01630   -13.31661    -4.33098
  -1      13.96116    12.76200   -11.03131
  -1     -12.76886   -16.05444     9.74127
  -1       8.94170    14.29444    12.58178
  -1      12.59827     0.84612    -6.95856
  -1       0.05182    -0.80998    -1.28773
  -1      -2.18998   -12.09894    -0.40279
  -1      -4.31115     2.98861     6.66637
  -1      11.41264    -2.31564    13.94282
  -1      11.09130   -10.50646     1.36642
  -1     -10.64313    -8.44756    13.27980
  -1      -6.05586   -14.80026   -13.13783
  -1      12.05133    -4.57812   -11.55356
  -1      10.20752    -9.41725    -9.61485
  -1       9.60444    14.15013    -1.51641
  -1      10.99819    -1.59280    -3.04633
  -1      -1.57246    -4.88619     3.20901
  -1      -3.38221    -2.77951   -10.67769
  -1      14.91653    13.19075    -1.72484
  -1       8.02282   -14.24001    12.73456
  -1       2.48810    -7.84905     3.54593
  -1     -11.99916   -12.29389    -8.30252
  -1       1.64148    -2.99065    14.87837
  -1      13.27604    13.10558    11.23814
  -1       9.85896   -14.81791    -3.17554
  -1     -12.65070    -9.57905    14.75873
  -1       4.48321    -5.29962    -7.23205
  -1      11.74189     6.61457    -8.26283
  -1       3.56125     4.88398    -3.17296
  -1      -6.40433     2.88829     8.48270
  -1       7.39468   -10.29118    -0.85966
  -1       0.13112   -12.81958     9.51529
  -1     -10.48340     9.92494    13.54545
  -1       2.56827   -12.83641    -8.56446
  -1      -1.90783    -0.68456    15.52993
  -1     -15.11670     6.65648     4.63957
  -1       4.24127    14.70056    -8.86545
  -1      12.44954    11.28012     1.90780
  -1      -6.66062   -15.53662    13.39818
  -1     -11.78783    14.76943     7.39264
  -1       4.67791     6.51325   -12.68544
  -1     -14.32994    -2.16910   -14.54162
  -1       9.59947   -11.06488    -5.31245
  -1      -7.06656     9.99141     5.84445
  -1      -3.69304    -0.78192    -0.18884
  -1       8.21299     7.58158     8.32829
  -1       6.01229     7.33130    -5.10924
  -1       4.36772    -4.73271    11.54213
  -1     -12.65641   -11.67360     7.91997
  -1     -11.21229    -1.18125     4.26857
  -1      -3.58765     7.63864     2.90847
  -1       2.92632     0.91243     2.94876
  -1       1.52814   -11.45246    -4.62298
  -1       6.40690     4.99731    -3.24832
  -1     -13.52496   -12.00416    -2.44266
  -1       6.29502     8.15434     3.18438
  -1       2.48155     2.57534   -14.14186
  -1     -10.09082     4.50438    14.06021
  -1      -6.97522     1.57156     1.46956
  -1       9.47889    11.49095    -3.63294
  -1      -7.28520     6.09742     3.24542
  -1     -13.14377    -3.17540     6.56883
  -1       2.85272    13.05393     5.50724
  -1      -5.43316     8.87826    -6.84331
  -1      14.34691    -7.23081    -6.04374
  -1       9.87111    -7.97138    10.65174
  -1      11.63756    -5.91148     5.39335
  -1      -6.38736   -15.56987     2.79616
  -1      14.08737    -0.27921    -0.04312
  -1       8.65578    -1.65355   -12.29164
  -1      -1.71101     6.31031    -9.00373
  -1       3.35005    -9.69208    -9.38335
  -1      -3.80269    -3.65221     5.84599
  -1      -4.37174   -11.16080    -7.43392
  -1      10.44444   -11.12881     3.90996
  -1      14.99999     5.11086    -5.86992
  -1       0.11821    -6.72284    -2.08016
  -1       8.54672     1.32416    -6.82108
  -1      12.23470    -8.09892     1.54520
  -1       7.72843    -0.38947    12.35178
  -1     -13.07071   -10.09076    -8.62692
  -1      -4.92639    -7.72229     1.56722
  -1      11.30173    -4.43002    12.19321
  -1       5.12879    -6.63096   -12.12299
  -1      11.11711     3.33358    14.84864
  -1      -6.13357     9.11215   -13.47573
  -1      14.50932    -0.78630    -6.59571
  -1      12.99383    -2.88118    -7.71117
  -1      -5.70284   -10.52049     9.88903
  -1     -13.42198   -15.65421     2.79835
  -1     -10.24992     0.79808     8.08402
  -1       5.86598    -7.17367    -1.09837
  -1     -12.40851     7.03827   -12.87667
  -1     -13.95064   -14.16564    -6.29311
  -1       2.12251     0.15010   -10.64292
  -1      11.88899     4.44112   -10.93747
  -1       9.69442     2.26158     1.37274
  -1       9.57238    15.19953     6.20142
  -1       8.03471   -15.66632    -5.80599
  -1     -14.49921    -5.35365    13.61912
  -1      11.56344   -15.45740   -13.82687
  -1     -14.47884    -9.74388     4.88021
  -1       5.17374    14.36642    13.85613
  -1      10.51347     8.10179    11.11837
  -1      -5.10364    13.94052    15.82802
  -1      -5.09164    12.18467   -11.58567
  -1       4.97215    11.41303     0.70713
  -1       0.52086    -5.01089    11.30607
  -1     -12.70098    -5.74537     8.24572
  -1      -4.00548   -14.53176    -0.99154
  -1      -9.12660   -14.82017     9.41014
  -1      -5.06951     3.02645     3.58484
  -1      10.34211    14.83410    14.85781
  -1      -5.81625   -10.40964     4.16032
  -1       2.71209     7.81045   -13.47752
  -1       1.60419     9.77079    10.86498
  -1       8.81867     4.64544     4.69713
  -1       0.34100    -0.88410    13.32082
  -1       8.76505    12.02903     6.56164
  -1       6.58173     5.57612    13.19939
  -1       7.14162    10.64607   -13.13324
  -1       8.04056     4.64437   -10.67099
  -1      -6.47975    -7.63343    -3.83139
  -1      14.53743    13.53981     3.98160
  -1      -6.72873   -10.01914    -0.87006
  -1      -3.35812    -1.73088     2.72292
  -1     -11.54254   -14.98195    14.24794
  -1      -5.48585    12.45098     7.37136
  -1      -7.69738   -11.26177    11.62896
  -1       2.09024     5.04514     6.34473
  -1       9.58285    11.42883    10.85381
  -1      -3.20676     4.99190    10.34079
  -1      14.42428    -7.30167    12.26774
  -1      11.01778    -4.44659    -3.58208
  -1      -9.76945     0.42426   -11.61335
  -1      -4.48638    11.11438    15.13260
  -1      -7.69219    14.02718     7.10862
  -1       1.10324    -6.72282   -10.60818
  -1      -0.88099     9.56294    -8.80555
  -1      -8.12222    11.83017   -10.57265
  -1      14.72048   -16.08261    -4.09965
  -1       9.34180     2.16845    -4.29588
  -1      -3.43567    13.73701     0.19215
  -1      -8.50257   -12.28679    -8.99855
  -1       2.76408    -8.78445    -2.02857
  -1      10.45641    -5.80353     2.77822
  -1       9.52001    -1.59867    -7.80289
  -1       6.73544    -2.79085    -1.10167
  -1      -1.67955     5.81295   -15.18454
  -1       6.47842   -13.40667    -9.07996
  -1       9.96526    -4.85666    -6.56702
  -1     -13.35143    10.84307    14.44353
  -1       3.47208    -2.86880     5.58160
  -1       0.61651     3.75465     3.92980
  -1       3.16452     2.66866     8.42403
  -1      -8.17303    -8.68842    10.08155
  -1     -10.48989   -15.10562     1.88280
  -1       5.09227     7.94172    -0.01741
  -1      -0.20374    11.61254    10.98920
  -1       9.14291     0.68661   -10.91135
  -1      -9.38525     9.86270     0.13753
  -1      13.00609     5.31474    -3.26811
  -1     -10.71558    14.71439    -6.97109
  -1       3.82593   -12.22593   -15.14998
  -1      14.66802    -3.07342   -10.31515
  -1       4.28725   -11.51187    10.65029
  -1       9.92508     9.95633    13.10572
  -1      12.35217     4.18429     1.20326
  -1       8.15501     1.26360    -1.73398
  -1       0.42987    -8.77302    -5.91638
  -1      -3.43903   -10.15494     2.89412
  -1       3.94112     5.37260     1.80525
  -1      -0.62516    -3.68751    -6.34025
  -1       8.38367   -14.15444     8.86946
  -1       8.51005   -10.98676     1.75159
  -1      -3.47560     7.62209     0.27776
  -1     -14.44764     5.89344   -11.77430
  -1      -2.12150     2.35879   -10.71843
  -1      14.39180   -10.92697    -1.89847
  -1      -5.53052    -4.48722   -10.54451
  -1      -1.74575   -15.72320    -7.81167
  -1      14.97326    -5.79686    -9.87820
  -1       8.11174    -7.46071    -2.45245
  -1       7.02952    10.54335    10.09617
  -1      -5.77447    -4.55676    -6.64221
  -1      -4.62199    -6.27064     5.61049
  -1       4.46915   -13.27265     2.84010
  -1     -12.21583    -8.63309    10.95910
  -1     -15.02888    13.32478     8.08346
  -1      15.12127     7.24506     8.88730
  -1      12.35327    12.35765    -4.00763
  -1       0.96547   -15.65482    -7.51478
  -1       6.83679   -11.32950    -5.57692
  -1      10.54659    10.56767    -9.47084
  -1       5.67338     0.41339     9.91494
  -1       8.43383   -13.83859   -11.67121
  -1      -4.72148    11.52473    -7.38000
  -1       1.04048   -15.60835     4.61490
  -1      13.93387    -0.38587    11.85515
  -1      11.92168    14.88240    -3.48394
  -1       3.87462     2.88268    -8.87300
  -1       8.96548    12.17297    -6.68822
  -1      -8.26065   -12.90573    -5.85201
  -1      -6.16369     7.17935    12.87743
  -1       7.50499    11.19676     0.58032
  -1       0.11495   -12.01270    -2.28442
  -1      14.67484    11.62348    15.04145
  -1      -1.38374   -10.04018     9.05205
  -1      -7.94659    -5.07158     8.29854
  -1       6.47705     2.26776    -9.85866
  -1     -13.32911     7.96837    12.52553
  -1       6.79610     4.35260     6.98860
  -1      -9.96153    13.15561    16.13335
  -1       5.84385   -15.10811    -2.17843
  -1      -7.24142    -7.48387   -10.91547
  -1      -9.94258    -6.81280    -6.46048
  -1      -2.54006     4.97738   -11.69145
  -1       0.12742     3.91782   -13.82555
  -1     -10.64425    -6.17682     6.36192
  -1      -2.51705     2.29659    14.77481
  -1       6.99860    12.54628     2.99845
  -1      12.77210   -12.73726    -4.40225
  -1       8.71669    -0.02555   -14.62759
  -1      -4.77181   -13.41200    -5.76824
  -1      -9.02089    -5.42200    -8.45554
  -1      11.72612     7.81376    13.66560
  -1       7.36333    13.76327    -3.70747
  -1      -9.79577   -11.94922     8.53049
  -1      -3.08087    -4.39263   -13.77006
  -1      -5.35291     4.47206   -13.38690
  -1     -11.21449     3.39481    10.48968
  -1     -11.31440    13.66473     3.21675
  -1       6.07308    11.40926     7.67858
  -1       2.15136    -3.64588     9.25108
  -1     -15.06245   -14.64768    10.80085
  -1      10.10573    -6.06388    -9.23816
  -1      -6.54144    -2.86119     5.19553
  -1     -10.47928     1.73671    -3.81281
  -1      -1.71926   -10.76169    11.43818
  -1       6.09711    12.58790    -6.39335
  -1      -8.26442    12.00399    14.03578
  -1       1.64189    -6.62501    -4.40821
  -1     -12.95861     5.43162    10.05684
  -1      -7.49362    13.09495    -7.39578
  -1      -3.48530     1.84333     9.18189
  -1      -1.43980    10.49048    13.77151
  -1      12.33609     8.89083   -11.00860
  -1      13.77299   -15.01814    13.21969
  -1     -10.01697    -8.58384     7.56340
  -1       6.14338    -0.70613     3.86334
  -1       8.36368    -8.09555    12.98921
  -1     -12.90025     6.79170     7.56552
  -1      13.03921     8.93228    -1.95704
  -1       3.16136     8.98413     5.11852
  -1       4.04760     2.58307     5.23890
  -1     -15.07715     4.48078    15.83216
  -1      13.78785    -8.93700     4.09989
  -1      10.58678   -15.39769    -5.93599
  -1      -0.83368    12.82151    14.96272
  -1     -14.33439     5.33799    12.98902
  -1      -5.19734    -9.48042   -11.24330
  -1       1.21123   -13.76567   -10.79858
  -1      -1.76387   -13.95371    -2.87803
  -1     -12.14076    -2.35387    -3.47729
  -1       0.70528     8.74127    13.37937
  -1       7.46188    -7.19816     6.93760
  -1      -7.23818     4.61684    13.53279
  -1      -8.60955    14.84576     0.15580
  -1     -15.74365    -4.45123    -7.28918
  -1      -5.13379     6.74817   -11.94434
  -1       4.58142     9.08536     9.55511
  -1       3.47658    12.32809    13.85744
  -1      -9.05606     8.25727     6.52869
  -1     -14.07780     8.70729     0.52797
  -1     -10.89929    -6.24810     0.78228
  -1     -12.46393     2.35026     7.05593
  -1       5.99733     9.07406    11.97249
  -1       0.07241     3.27394    14.75694
  -1      14.39164     5.32286     2.37383
  -1     -14.01410     9.11890     9.71127
  -1       0.30578    11.13854   -14.16532
  -1      -1.36739    -8.38087    14.47815
  -1       4.86878     0.50012   -11.34128
  -1     -12.99933    14.92995    -4.71808
  -1      14.98762    -0.42408   -13.25470
  -1     -14.90372    13.77513    14.79987
  -1     -12.08101    11.16735     8.61415
  -1      -3.19245     7.96675     6.75220
  -1      13.63462    11.11826    -0.36454
  -1      -5.48015     7.06649     9.99770
  -1      -6.11861   -11.30143   -13.33964
  -1      -5.31177    -3.72905    -1.80449
  -1     -10.39746     7.84066    -3.30900
  -1     -13.40620     0.89335    -1.51215
  -1       4.95677    13.69882     1.90088
  -1       3.95176   -13.21567   -11.40897
  -1       8.06507    -2.49978   -14.80270
  -1       4.98671    -7.82190    -8.23247
  -1       7.31882    13.95621     0.47091
  -1       9.60111     7.18161     1.67101
  -1       4.94446    -3.15847     7.68650
  -1     -14.66990     8.35962   -14.61948
  -1     -14.48420    -9.24309    12.25217
  -1     -15.70158    14.85406   -12.20676
  -1      -5.01812   -14.21979     5.06957
  -1      11.86227    14.65768   -11.27772
  -1      13.97721    -7.56051    -2.28156
  -1      12.98544     2.19128    -9.99772
  -1      -5.01512    -5.84503     9.86387
  -1       2.61841    -9.97352    15.43496
  -1     -13.02227    12.15016    -7.55726
  -1      -8.83593   -10.66387   -13.31376
  -1      -9.35127     1.52677    -0.05239
  -1     -12.40035    -5.36016    -1.29407
  -1       2.47905   -15.36763     2.41188
  -1       3.45799     1.71857    -1.19510
  -1      12.68165     8.36035     5.40382
  -1     -12.30621    12.01355    12.16305
  -1      -1.17388    -8.98971    -2.58636
  -1       3.08044     8.45544    -6.98241
  -1     -15.72477    -8.49305    -8.26275
  -1      -0.90980     1.18844   -13.28743
  -1       9.27953    -7.67560    -5.32133
  -1       7.13002    -7.16214    16.01994
  -1     -10.23867    12.02727    -6.12236
  -1      -4.11887    -0.12795   -10.92096
  -1      -9.73099     3.07150   -14.28434
  -1       0.79229   -10.64724    -8.09154
  -1      -3.61579    11.01578     4.39952
  -1      -7.35200    -4.63069    -4.36965
  -1      -0.78378     2.32119    -3.87758
  -1       0.86781    -3.82133     3.78270
  -1     -13.38428    -7.68332     6.26728
  -1     -14.69033    -5.98551    -2.67350
  -1     -14.69879     3.33680     9.46750
  -1       6.31920     1.65419     6.70466
  -1      -1.07120   -10.54299   -14.76467
  -1      -4.33130    -0.61620    11.04184
  -1      10.62794     8.98693     7.45395
  -1     -12.63431     4.80163   -14.47995
  -1       6.11842   -10.82309    12.49156
  -1      -1.59587     2.37796     1.06037
  -1       5.26071    -1.71076    11.62189
  -1       2.75996    15.20811    -5.43621
  -1      11.43011     2.56923    -2.40371
  -1       3.49822     2.96049    12.42289
  -1      -5.79028    10.60408    -2.55878
  -1       4.73676    -5.60435    15.39579
  -1      10.24762    13.66270     2.98744
  -1      -3.60547   -15.69997     2.43643
  -1       6.42090    13.54060     9.48999
  -1      -8.77296     8.77344     3.93576
  -1      12.55367    12.81433     8.38160
  -1      -7.14108     7.07560    -6.11661
  -1      14.15125   -14.94623   -14.64619
  -1      13.90351    -4.97319    10.48548
  -1      -7.00155    13.92689   -12.00881
  -1      -9.90398    -7.63423   -13.27881
  -1     -10.98723     7.07801    11.08017
  -1      13.17954   -12.33019     2.02503
  -1      -0.55021    -1.02118     9.68140
  -1       2.23673    -1.45074    -0.02202
  -1      -1.91434    -6.02296    -6.89557
  -1       6.99060     9.76526     5.77954
  -1       6.69012     3.82487    -5.89261
  -1      12.46861    -2.23152     5.05393
  -1      14.85511    10.81177    -6.02827
  -1       7.51310    14.68496    -8.59269
  -1      -8.01636    14.39592    -2.88471
  -1      -2.19223     4.80414     7.81193
  -1       5.77658     3.72029    11.10732
  -1       3.02005     9.31859    14.81147
  -1       8.82498    -4.63441   -12.59488
  -1      -8.62729     0.42353    10.09719
  -1     -13.83984    -6.19044     0.62215
  -1      -0.24758     5.71433     0.46423
  -1      -1.31302   -12.00434    -6.70278
  -1       3.25131     0.74937    14.17771
  -1      -2.56835    12.79373    -6.86738
  -1      14.58776    -6.86201     5.89425
  -1       2.35622    -1.58463    -8.57217
  -1     -10.39391    -2.19615     8.59679
  -1       4.86363   -10.67302    -2.38408
  -1       1.75696     0.26600    -3.35915
  -1      12.07580     8.20864    -4.58255
  -1      -7.77885   -14.30685    11.42426
  -1     -11.66440     1.39822    -8.16349
  -1      13.42936     7.43874     0.08924
  -1      -8.94926    -1.89361    -8.82441
  -1      11.32950    -1.22633    10.39958
  -1     -12.61979    -1.43391    13.89587
  -1       9.34404   -12.39740     5.96703
  -1     -14.74607    -2.06078    -3.12585
  -1     -13.53389    -7.62302   -14.72204
  -1       0.92103   -11.77569     1.08427
  -1       1.77953    -1.15121   -14.14536
  -1     -10.89605   -12.84930   -10.57524
  -1      12.70904   -11.50945     8.31377
  -1       2.58912   -10.59577     7.22287
  -1     -12.31509     6.85055    -9.66859
  -1       2.92530     6.22067    -0.34342
  -1      11.42944   -14.37759     2.38001
  -1       4.27770    14.78061    10.23758
  -1       4.42083    12.59181   -10.43892
  -1     -10.21053    -9.41530    -9.57823
  -1     -10.97799    -5.95496   -10.23644
  -1      15.16643    -4.79815     4.16435
  -1      -9.84222     1.28351    -6.34464
  -1       6.23373     9.98251   -10.49961
  -1      -3.86949    -7.82890   -13.32740
  -1       6.53020    -9.25715    14.84307
  -1      -3.96175    -0.24206    -7.50160
  -1      12.13519   -11.64817    -8.76269
  -1      -4.84518    13.20819     4.72526
  -1      11.05576     3.54448    -5.94863
  -1       3.75770     0.60011     6.96101
  -1      -9.89373    12.24473     7.42207
  -1       0.73197    -1.12522     2.76821
  -1      -0.19384     2.03391    -6.39956
  -1       2.81099     6.47472    11.84680
  -1      10.50633   -14.01347    12.18622
  -1      11.82619     5.16080    12.47761
  -1      -9.38728     3.33332     7.31029
  -1     -10.57153     2.04180     3.19024
  -1      -8.02972   -12.95554     2.30425
  -1      10.12183   -11.54622   -12.61603
  -1      12.20707     8.44500     2.23316
  -1       1.68432     1.93414     0.83321
  -1       2.17660    -8.77900   -12.25740
  -1       0.17912    -4.78242     0.46204
  -1      -8.74683     1.92592    -9.81253
  -1      -1.44164    -8.04101   -11.33147
  -1      -9.90376    14.38189    13.16646
  -1      14.69367    -0.25350    14.94094
  -1      15.29687     0.43855    -2.57893
  -1      13.11989    10.23020     9.14127
  -1       1.82348    -2.08799    11.31141
  -1      -1.86845     9.32444    -5.88728
  -1       9.04229    -5.05216   -15.70742
  -1      -9.85771     6.98531   -12.80399
  -1       7.16490    -1.49820    -3.82379
  -1      -3.45921   -15.80351    -5.40791
  -1      13.77584     5.77062    10.96092
  -1      -5.73676    -1.78980     8.57349
  -1       5.96208     2.14457    13.93917
  -1      13.28752   -13.81295   -10.73568
  -1      -5.16592    14.38319    -8.40135
  -1      -0.88018    10.37977     3.47798
  -1     -13.54181    14.34055     5.40328
  -1       3.49915    -1.13205     9.12303
  -1      -8.16990    11.53221    -1.71317
  -1       8.53988    10.19681     2.93186
  -1       5.01925    10.48053    -7.86809
  -1     -11.92464   -10.14326    -5.95011
  -1      -5.66725    -2.30909    -4.79226
  -1      12.17146    -2.42499   -14.12838
  -1      -7.97439     2.64931    14.77640
  -1       8.15606    -3.75511    -3.26137
  -1     -15.94303     9.66148     7.03807
  -1      -7.15844    -1.29370   -12.05060
  -1       2.02971     3.93228    -1.14463
  -1       2.56873    12.58159   -14.43519
  -1       8.07476     9.66502    15.23427
  -1     -12.11909    -4.83121    15.42272
  -1       2.44642     7.75690   -10.97163
  -1      -5.34574    -8.68334    -6.09783
  -1       7.15501     8.85199    -1.57516
  -1       7.84734     6.46095    -6.68341
  -1       9.86964     6.31859   -11.69723
  -1      -1.85232     5.00355     4.72131
  -1       2.23923    12.01588   -12.09361
  -1      -6.80364     0.92136    11.89450
  -1     -13.82910    -5.09098   -13.18260
  -1      14.35771     7.91880    -9.93103
  -1       5.62978   -10.69244     8.17650
  -1       8.35367    -7.59201     4.50529
  -1      10.21097    -0.30044    -0.81104
  -1     -13.06135     6.86264    -2.50396
  -1      11.49595    -6.55028    -1.67175
  -1      -9.04882     6.89874    13.03970
  -1      13.47817     3.95008   -14.18937
  -1      -9.57743   -11.50580    13.56621
  -1      -7.79581    -4.85491    -0.25472
  -1     -11.27598    -1.41145    -7.11017
  -1      10.96057    -9.59277   -14.50302
  -1      14.13085     4.42301    -9.00764
  -1      -6.63732     0.43444    -4.53102
  -1      -5.72862   -13.38669     8.29203
  -1      13.27864    -3.26534    -3.28640
  -1       6.80294    -6.57690    -4.53595
  -1      -0.43938    -8.08905     6.45605
  -1      11.04442    -5.18607     9.25929
  -1       7.11447     5.07819    -0.84936
  -1       8.72318     7.97126     5.35620
  -1      -7.24454     8.49258    -3.63358
  -1     -11.32308     4.44188    -5.69742
  -1     -14.62342   -12.29597     5.66803
  -1     -14.62978    -7.94983     8.53137
  -1      -9.17043    -2.11644    -3.43589
  -1     -15.06321   -13.10690    14.74957
  -1      12.54959   -13.71072     7.14544
  -1      -4.23402    -5.85845    15.35029
  -1      -9.03321    -2.71194     3.04824
  -1       9.71972    -1.41571     5.24080
  -1     -15.15017    -2.81614    10.78763
  -1      -8.80689     0.23253     4.16712
  -1      -2.35638   -15.31905   -10.67246
  -1      10.76945    11.71326    -0.79761
  -1       7.02112    12.03148    14.47324
  -1       4.38597    10.24326     2.95858
  -1      -5.32746     3.58330    12.13143
  -1     -15.50211     6.33855    -3.23771
  -1       6.89044    -4.70339     7.97732
  -1      -1.31051    14.77830    13.31559
  -1     -10.57103     5.63730    -2.00065
  -1       3.35087    11.76679    10.23378
  -1      -9.48090    -5.98661    -2.77075
  -1       0.83759    -0.90528    -5.53568
  -1       1.55007   -11.24390   -11.11461
  -1       1.28434     2.64360   -10.07326
  -1      -3.01013   -14.01159    13.33957
  -1       5.45496    -9.74084   -12.60352
  -1      -1.47180     1.40093    11.29404
  -1      -9.93460    -1.41535     0.81584
  -1      -3.40094     8.28941   -14.87176
  -1     -12.49027    -0.74695     7.59705
  -1       8.98600     1.26945     3.99368
  -1      -8.16686    -6.37922     3.42983
  -1      14.42141    -6.70020   -14.16683
  -1      -8.89407    13.60096     9.75947
  -1     -11.95834   -10.53987     4.48209
  -1      -3.44366   -15.20952     7.21537
  -1     -10.70281    -3.51647    -5.71250
  -1      12.77941   -15.41359     9.77367
  -1      -8.87300    -9.76364    -7.39388
  -1       7.96078    12.13444    -9.72290
  -1     -11.98693     2.10558     0.89114
  -1     -15.19466    13.30662    -5.54119
  -1      -2.60943    11.40549    -2.66596
  -1      -9.80021    -6.39070    15.30558
  -1     -15.72674    -7.76495     2.29040
  -1       2.75495     8.03544    -4.33184
  -1     -10.67330   -14.73207   -12.31060
  -1      -1.47263     5.59842    12.42961
  -1      13.44622    13.66593   -13.56646
  -1      -7.54199    13.04411     2.32563
  -1     -15.69375   -11.16997     9.14331
  -1      13.58846    -4.69421    15.64862
  -1       4.15904     5.61143    -7.60825
  -1       1.48462     9.52289     2.70924
  -1      13.88738   -15.33137    -1.17482
  -1     -13.15176   -15.01178     0.07985
  -1      -1.34758    -7.54287    11.73004
  -1     -11.85178     8.18904    -5.57658
  -1     -13.92302     0.96621    14.36667
  -1      -3.76163     1.96847    -5.00102
  -1       9.91606     5.01334     7.87661
  -1       6.45152    13.12048   -14.18032
  -1       9.48949    13.39867     9.10846
  -1       5.63956     9.29483    14.83611
  -1       2.48580    -4.20735    -9.34417
  -1      -0.54964    12.59744    -5.17618
  -1      -9.01996    11.03620    -8.48104
  -1       6.60624     1.85807    -4.22914
  -1      12.50349     9.15384    -7.22439
  -1      -2.51844    -0.89590   -12.90316
  -1      14.84015    -3.45967    -0.49268
  -1      -1.13154   -13.63536     6.98303
  -1       1.19112    11.30058    -0.11089
  -1       4.37871    -0.33560    -7.06881
  -1      -3.31555    -2.41620     8.05429
  -1       5.40912     6.38030    16.03557
  -1      -0.47394     0.00829    -9.59161
  -1      13.71203     2.45580    11.18062
  -1      15.03516     6.96253    14.46792
  -1      13.53563     9.55045   -14.50188
  -1     -12.66013   -13.20659     2.19516
  -1     -10.15038    -0.49820    14.51796
  -1      15.29789     1.48698   -11.66844
  -1       1.15894   -12.84144    14.79815
  -1     -15.77400     9.11482    -4.02616
  -1      13.59690   -12.02945   -13.30370
  -1      10.64016     7.90252   -13.45831
  -1      11.95441    10.97690     4.84139
  -1      -7.99178   -12.01818     5.66891
  -1     -14.42398    10.33863    12.07874
  -1      11.49904     5.98759     4.00320
  -1      14.01396   -10.75128    -6.57538
  -1     -12.76770     3.79719    -2.15410
  -1       4.77869     0.39978    -3.26459
  -1      -7.26357    -2.97550    10.58142
  -1      13.08631   -12.73160     4.89107
  -1       1.71358     6.07330     9.06532
  -1      12.78256     5.74081     8.48769
  -1      -3.26621    11.95137    11.10676
  -1      -3.80162     2.22397    -0.72220
  -1       8.31068     7.52161    -3.66344
  -1      -5.90386   -13.98909    -8.71400
  -1      12.84565     0.57948    -4.03646
  -1      -4.55694   -15.35838    11.41094
  -1      -8.51912   -15.20288   -14.00566
  -1      -7.74371     8.86927     8.97468
  -1       9.44873    -0.06873     7.56313
  -1     -14.50531    11.65781     1.84561
  -1       1.71609    -0.49503     5.59049
  -1       1.88141     5.40928    -4.93071
  -1      -0.99126    -6.00817   -13.71849
  -1      11.12284    -7.72129     8.22553
  -1       6.17428   -14.98020     4.55071
  -1      10.04791   -10.11739    14.26681
  -1      -3.92070   -10.86943   -14.80091
  -1       9.18477   -14.55810    -0.15414
  -1       0.96743    12.92969     8.73111
  -1       0.72723    -2.54978   -10.63538
  -1      11.16483    -9.62294    -6.69780
  -1       0.80977    -9.60129    13.11897
  -1     -15.35087    10.39087    -1.68612
  -1       4.65035   -13.27217    -4.10549
  -1      13.50464    -9.51177   -12.44082
  -1       8.49866    -4.00223     1.88002
  -1      -3.74236    -9.35732     5.85586
  -1       0.51241    -5.72835     5.53721
  -1       2.95707    -4.78577   -13.88230
  -1      14.58737    13.96754     1.45877
  -1     -13.26664     2.39669    11.83650
  -1      -7.49174    -8.48884     5.30643
  -1      11.57299    -6.49106    15.46508
  -1      12.31284    -7.69081    -8.50818
  -1     -10.00634     6.12199     2.90179
  -1      -1.30763    -0.21534    -7.19390
  -1      -6.39450    -6.50902   -13.54292
  -1      13.65109     3.09760     6.21942
  -1      -3.68560     4.86510    -1.44639
  -1      -0.30909    -3.00221     6.27018
  -1      -2.02408    13.06837     5.81550
  -1      -0.19962    10.91026     5.95753
  -1      15.12280    10.88534    -9.51603
  -1      -6.28879     4.99096    -4.19279
  -1       3.23027     4.65646   -11.08289
  -1       1.72520    13.46629    11.69075
