# 0 1  
  -1       0.10149    -0.01512    -0.01374
  -1      -0.03308     0.04542    -0.09662
  -1       0.07417     0.04357    -0.04264
  -1      -0.15200     0.10308    -0.08459
  -1      -0.05433    -0.01113     0.00988
  -1      -0.01920    -0.09650    -0.09152
  -1      -0.08462     0.04810     0.02301
  -1       0.07075     0.04565    -0.08742
  -1       0.07947     0.02761     0.05872
  -1      -0.12490     0.02027    -0.01856
  -1      -0.01584    -0.02266    -0.01900
  -1      -0.02548    -0.12667    -0.05562
  -1       0.02317     0.01482    -0.04249
  -1       0.08572     0.00100     0.06349
  -1      -0.07142     0.03192    -0.01790
  -1      -0.03776    -0.00354    -0.01360
  -1       0.10857    -0.01526     0.01856
  -1      -0.08651    -0.02144    -0.10714
  -1      -0.13489     0.14110     0.01701
  -1      -0.03873     0.06389    -0.03634
  -1       0.05599     0.11087    -0.02567
  -1       0.01701    -0.01750     0.02106
  -1      -0.03035     0.06415    -0.14481
  -1       0.13495     0.09045     0.06302
  -1      -0.01857    -0.11339    -0.09430
  -1      -0.06858    -0.06242    -0.02002
  -1      -0.02642    -0.09867     0.05824
  -1      -0.01030    -0.01497    -0.07325
  -1       0.06039     0.04993    -0.09102
  -1      -0.06881    -0.06755     0.12224
  -1       0.14818    -0.06494     0.07564
  -1       0.00094     0.01586    -0.03889
  -1      -0.02534    -0.15098     0.01377
  -1       0.08929    -0.10680     0.05042
  -1       0.03374    -0.03642     0.01593
  -1       0.08959    -0.15292    -0.00203
  -1      -0.03754     0.08708     0.03096
  -1      -0.02553    -0.04925    -0.07375
  -1       0.01062     0.02951     0.05404
  -1       0.06529    -0.06367     0.00004
  -1       0.00201    -0.04053    -0.03195
  -1      -0.04274     0.10062     0.01245
  -1      -0.07548     0.07682     0.02350
  -1      -0.02247    -0.03985     0.04077
  -1       0.03580     0.00065     0.07285
  -1      -0.01074    -0.00931    -0.03119
  -1      -0.03578    -0.03591    -0.04897
  -1       0.03227    -0.04665     0.05407
  -1       0.03603     0.04730    -0.07804
  -1       0.07561    -0.05034     0.01277
  -1      -0.01842     0.08829    -0.05452
  -1       0.09621    -0.03563     0.09770
  -1       0.00525     0.05381     0.01858
  -1       0.05539    -0.11298    -0.07185
  -1      -0.00195     0.08912     0.11562
  -1       0.04970     0.00039    -0.06963
  -1       0.08001    -0.03424     0.02175
  -1      -0.03322     0.00868     0.05866
  -1      -0.02176     0.06652    -0.03605
  -1      -0.05695     0.01063    -0.03607
  -1       0.05473     0.07609    -0.13782
  -1       0.02165     0.04444    -0.01263
  -1      -0.05717     0.00825     0.08917
  -1      -0.06409    -0.00703    -0.03060
  -1      -0.01010    -0.06898     0.03161
  -1       0.06240    -0.14584     0.02965
  -1      -0.06216     0.00538     0.04203
  -1      -0.10350    -0.01182    -0.01721
  -1      -0.01980     0.09912     0.08001
  -1       0.00351    -0.05511     0.06055
  -1       0.05786    -0.09092    -0.12374
  -1      -0.01137     0.03752     0.08274
  -1      -0.13031    -0.19450    -0.03562
  -1      -0.02969     0.09888    -0.11126
  -1       0.06047     0.07762    -0.03414
  -1       0.00939     0.01221     0.01300
  -1      -0.09915     0.03858    -0.05503
  -1      -0.06913    -0.06492    -0.07718
  -1      -0.02224     0.00275    -0.08439
  -1      -0.04466     0.04209    -0.07339
  -1      -0.09157    -0.05485     0.02751
  -1      -0.04749     0.00708    -0.07802
  -1       0.02862     0.04087     0.02866
  -1      -0.09584    -0.05190     0.04718
  -1       0.11140    -0.01583    -0.00390
  -1       0.05064     0.10409     0.10237
  -1      -0.04539     0.09895    -0.03254
  -1      -0.02641     0.04740     0.02068
  -1       0.06878     0.00532     0.00147
  -1       0.03258     0.01698    -0.05476
  -1      -0.05597    -0.05008     0.04979
  -1       0.05456    -0.00810    -0.13573
  -1       0.01346     0.01491    -0.01244
  -1       0.03617    -0.04648     0.03918
  -1      -0.07020     0.01579     0.03158
  -1       0.03727    -0.03845     0.06775
  -1      -0.02073    -0.02128     0.03915
  -1       0.00073     0.01227    -0.03171
  -1       0.07234    -0.03977    -0.03925
  -1      -0.01961     0.16992    -0.05297
  -1       0.01838    -0.00044     0.04724
  -1      -0.01369    -0.02749     0.04700
  -1       0.02201    -0.16059    -0.03768
  -1       0.01536    -0.06608     0.14591
  -1       0.01586     0.00333     0.00737
  -1      -0.06504    -0.06124    -0.01011
  -1      -0.05184    -0.08010     0.11299
  -1      -0.06872     0.02169     0.01769
  -1       0.08862     0.04038    -0.11971
  -1      -0.05051     0.01155    -0.09917
  -1       0.00044    -0.04539     0.05006
  -1       0.02913    -0.02903    -0.00743
  -1       0.10218     0.01038     0.05529
  -1       0.10166    -0.09018    -0.04304
  -1       0.02810    -0.00715    -0.01375
  -1       0.06063    -0.03673    -0.08210
  -1       0.02473     0.11630     0.11525
  -1       0.02990    -0.03195    -0.06034
  -1      -0.01034     0.07600    -0.10712
  -1      -0.00979    -0.01656    -0.07734
  -1      -0.06221     0.05645     0.04115
  -1      -0.01391    -0.01261     0.03039
  -1      -0.00625     0.02074     0.00286
  -1       0.05422     0.01776    -0.07753
  -1       0.01491     0.08291    -0.08373
  -1      -0.04320    -0.04644    -0.02314
  -1       0.09171    -0.00439     0.10482
  -1      -0.00687    -0.00499    -0.05903
  -1      -0.09474    -0.00514    -0.06656
  -1      -0.04839    -0.09168    -0.01992
  -1       0.01687     0.11968    -0.16409
  -1      -0.02326     0.18506    -0.08127
  -1       0.02536    -0.02489    -0.00867
  -1      -0.10694    -0.05911     0.03733
  -1      -0.03596    -0.10206     0.06090
  -1      -0.01850     0.12174     0.05854
  -1       0.06414    -0.05611     0.08073
  -1       0.00634    -0.01594    -0.03370
  -1       0.13369    -0.08104     0.00661
  -1      -0.06725     0.03508     0.01709
  -1      -0.10398     0.02976     0.01230
  -1      -0.02151    -0.11596    -0.09809
  -1       0.13125     0.06165    -0.00850
  -1      -0.06150    -0.06791     0.09835
  -1       0.05031     0.04495     0.04821
  -1      -0.05422     0.02863     0.01085
  -1       0.00529    -0.06578     0.01436
  -1       0.00865     0.12931    -0.04483
  -1      -0.04065     0.04219     0.06550
  -1      -0.03933     0.21215    -0.03636
  -1      -0.03142     0.01542    -0.01639
  -1      -0.03570     0.08848     0.13071
  -1       0.05264    -0.00679     0.04246
  -1      -0.02664     0.04991    -0.09814
  -1       0.04559     0.01998    -0.07433
  -1       0.06913     0.05810     0.15022
  -1      -0.17960    -0.03014    -0.07217
  -1      -0.07707     0.06466     0.03575
  -1       0.04111     0.05507    -0.01571
  -1      -0.06100    -0.00231     0.08230
  -1       0.07343     0.05783    -0.01988
  -1       0.00035     0.05866    -0.02918
  -1      -0.01761     0.04280    -0.02244
  -1      -0.11651     0.01562     0.01174
  -1      -0.00860    -0.02486     0.01820
  -1       0.04395     0.07647    -0.01526
  -1       0.13058     0.02422     0.03915
  -1      -0.14303     0.07445     0.02601
  -1       0.03840    -0.12972    -0.05757
  -1      -0.05058    -0.04668    -0.02419
  -1      -0.07028     0.05599    -0.05366
  -1       0.06898    -0.02979     0.02874
  -1      -0.03512     0.02847    -0.12590
  -1      -0.01046    -0.06546    -0.00983
  -1      -0.01090     0.05428     0.00275
  -1       0.06443     0.06114    -0.08727
  -1      -0.11354     0.00694     0.09724
  -1       0.09805    -0.04824    -0.06204
  -1      -0.04509    -0.04543     0.05124
  -1       0.06608     0.02786     0.01661
  -1       0.12558    -0.01430    -0.09431
  -1       0.06728     0.03019     0.03988
  -1      -0.04256    -0.05622    -0.06137
  -1       0.04829     0.05356     0.02739
  -1       0.07697    -0.00212     0.07396
  -1      -0.02475    -0.07078    -0.02925
  -1      -0.13045     0.01760     0.01891
  -1       0.08804    -0.03486     0.03915
  -1       0.03923    -0.00175    -0.03497
  -1       0.04709     0.08010    -0.04657
  -1      -0.01120    -0.05217    -0.09541
  -1       0.10297    -0.01333     0.00306
  -1       0.03738    -0.05728    -0.04250
  -1      -0.04327    -0.15393    -0.01822
  -1      -0.03801    -0.03681    -0.06287
  -1       0.06737     0.02550     0.05251
  -1      -0.03637    -0.00307     0.10679
  -1      -0.02341     0.01591     0.08313
  -1       0.02253    -0.05695     0.03599
  -1       0.12703    -0.02114     0.05224
  -1      -0.11405     0.12571     0.03568
  -1      -0.01267    -0.05067    -0.02416
  -1      -0.05464    -0.03515     0.09972
  -1      -0.02662    -0.05159    -0.02015
  -1      -0.03445    -0.02761    -0.08069
  -1      -0.09034     0.01246     0.06217
  -1      -0.01969     0.00289    -0.07953
  -1      -0.00345    -0.06573     0.17059
  -1       0.07177    -0.02394     0.10298
  -1       0.08658    -0.03600     0.00667
  -1      -0.04321    -0.05947     0.01055
  -1       0.03130     0.03527    -0.02979
  -1      -0.02312    -0.08763     0.03203
  -1       0.02188    -0.01449     0.00741
  -1      -0.01530     0.01460     0.10267
  -1      -0.00549    -0.07070    -0.03087
  -1      -0.01088    -0.03680     0.02639
  -1      -0.01147     0.07070     0.00673
  -1      -0.00914     0.08435    -0.06694
  -1      -0.06363     0.03625    -0.00418
  -1      -0.08382     0.08711     0.01108
  -1      -0.12499     0.01568    -0.10356
  -1       0.05949     0.02213     0.04094
  -1       0.03350    -0.06394    -0.15990
  -1       0.22332     0.03678     0.02863
  -1       0.12668    -0.03706     0.03202
  -1       0.03653    -0.01108     0.04394
  -1       0.02795    -0.17474    -0.04458
  -1       0.01595     0.00973    -0.00794
  -1       0.03598     0.08809    -0.02785
  -1      -0.04792    -0.14467     0.06338
  -1       0.01516     0.04429    -0.00025
  -1       0.06107    -0.16594     0.02719
  -1      -0.05917     0.07602    -0.01664
  -1      -0.03315     0.04587     0.15570
  -1       0.08809    -0.13162     0.05468
  -1       0.00283    -0.07545     0.06878
  -1      -0.02525    -0.05381     0.09270
  -1      -0.07245    -0.02861     0.02869
  -1       0.06091     0.00100     0.06998
  -1      -0.10638    -0.06042     0.06888
  -1       0.04485     0.02603     0.08894
  -1      -0.14416     0.00884    -0.03200
  -1       0.01424     0.11508     0.10620
  -1      -0.07936    -0.00662    -0.03087
  -1      -0.05363     0.06536     0.08170
  -1       0.03490     0.00432     0.04408
  -1       0.04350     0.00030    -0.05037
  -1       0.01373     0.07583     0.00953
  -1       0.00023    -0.05036    -0.11770
  -1       0.11902    -0.05168    -0.05385
  -1       0.01625     0.04314    -0.03181
  -1       0.01029    -0.07048    -0.11478
  -1       0.04698    -0.10290    -0.01602
  -1      -0.03691    -0.06268     0.00730
  -1       0.00055    -0.06988    -0.09076
  -1       0.05753    -0.01823    -0.06141
  -1      -0.10864    -0.03438     0.08650
  -1      -0.05232     0.00439     0.01713
  -1      -0.07757     0.14336    -0.08628
  -1      -0.02970     0.07327     0.05261
  -1       0.05175     0.10253     0.10146
  -1       0.06127    -0.09167     0.00974
  -1       0.02009     0.04903     0.00198
  -1       0.02930     0.01019     0.09568
  -1       0.04106    -0.12706    -0.17197
  -1       0.03721    -0.05473     0.01500
  -1      -0.05279    -0.04110     0.05052
  -1       0.03698     0.15114     0.03149
  -1       0.04879    -0.00777    -0.00679
  -1       0.10302     0.11722    -0.00618
  -1      -0.00384    -0.01230     0.08718
  -1       0.09519    -0.08008    -0.02094
  -1       0.02477    -0.11683    -0.02118
  -1      -0.08512    -0.07172    -0.01178
  -1      -0.04851     0.09923     0.11043
  -1       0.01621    -0.09080    -0.12938
  -1       0.04301    -0.10956     0.02148
  -1      -0.22316     0.01772     0.06731
  -1      -0.05060     0.11207    -0.01886
  -1      -0.04892    -0.08260    -0.00712
  -1       0.08269    -0.06175     0.07907
  -1      -0.01427    -0.10333    -0.01049
  -1       0.01841    -0.05932    -0.06611
  -1       0.06297     0.00952     0.01985
  -1      -0.02784    -0.07288    -0.05534
  -1       0.00240     0.05977    -0.06225
  -1      -0.03435    -0.07332    -0.02783
  -1       0.07296     0.02721    -0.02399
  -1      -0.09571     0.00444     0.14600
  -1      -0.05938     0.03913    -0.05006
  -1       0.03521    -0.09539    -0.04633
  -1       0.04140     0.17780    -0.02718
  -1       0.01514    -0.00008    -0.02099
  -1      -0.05508     0.03910    -0.00689
  -1      -0.06656    -0.07812     0.09694
  -1       0.08566    -0.01723     0.00213
  -1       0.06909    -0.00631    -0.00050
  -1       0.02720     0.08160    -0.06210
  -1       0.07710     0.12455    -0.12085
  -1      -0.06793     0.12185    -0.06280
  -1      -0.04681    -0.06271    -0.01417
  -1      -0.00606     0.02769    -0.01574
  -1      -0.02631     0.02294     0.02185
  -1      -0.00293    -0.05726    -0.04426
  -1       0.02689     0.14725     0.08151
  -1      -0.06561    -0.05530    -0.06780
  -1       0.01821    -0.05847     0.05193
  -1      -0.03647    -0.04650    -0.08287
  -1      -0.00832     0.01282     0.11200
  -1      -0.03678    -0.00904    -0.08212
  -1       0.04738     0.07670    -0.02903
  -1       0.08473     0.12422    -0.03063
  -1       0.00316    -0.02936     0.02354
  -1      -0.07800     0.06933    -0.06399
  -1       0.02451    -0.03147    -0.00363
  -1      -0.13976     0.05040     0.02796
  -1       0.01115    -0.01000     0.01837
  -1      -0.05304     0.04151    -0.07062
  -1       0.09527    -0.01915     0.02797
  -1      -0.02443     0.03002    -0.03226
  -1      -0.00804    -0.08997    -0.10052
  -1       0.03993    -0.01161     0.04939
  -1      -0.04448    -0.04140     0.00450
  -1      -0.01029     0.03658     0.07844
  -1      -0.19862     0.07484     0.02492
  -1       0.00689     0.06771     0.04765
  -1       0.08540    -0.14224    -0.01004
  -1      -0.02386    -0.00676     0.02632
  -1      -0.01574    -0.05939     0.06732
  -1       0.02808     0.03002     0.03546
  -1       0.06289     0.07854     0.00027
  -1       0.05213    -0.02805    -0.00999
  -1      -0.03096     0.05486     0.00328
  -1       0.04373     0.01422     0.05775
  -1      -0.03194     0.04647    -0.02053
  -1      -0.02051     0.02692     0.13645
  -1      -0.03059    -0.07886    -0.13074
  -1       0.01176     0.03662     0.03329
  -1       0.07794     0.08031     0.00330
  -1      -0.08361     0.11389    -0.02175
  -1      -0.07629    -0.08649     0.04266
  -1       0.07499    -0.02207     0.13682
  -1       0.07705     0.01303    -0.04735
  -1      -0.06185    -0.00203     0.05129
  -1      -0.02455    -0.10625    -0.19818
  -1       0.02551    -0.00049     0.05988
  -1       0.05800     0.00038    -0.01544
  -1      -0.00387     0.07163    -0.00330
  -1       0.04737     0.01877    -0.09922
  -1       0.08014     0.02794     0.05692
  -1       0.03578    -0.01956     0.00094
  -1       0.03739     0.00216     0.07514
  -1       0.05078     0.08496     0.04876
  -1      -0.07126     0.08443    -0.02491
  -1      -0.08192    -0.04019     0.09157
  -1      -0.05373    -0.07663     0.10725
  -1       0.00076     0.01618     0.06364
  -1      -0.02856    -0.05047    -0.09990
  -1       0.00014     0.11089    -0.09544
  -1       0.02900     0.07985     0.02288
  -1       0.06628    -0.11583    -0.05298
  -1      -0.01402     0.09518     0.03034
  -1       0.04929    -0.03988    -0.10179
  -1      -0.02954     0.03107     0.03552
  -1      -0.01216     0.03731    -0.05433
  -1       0.00390     0.13149    -0.06809
  -1       0.03853    -0.03088     0.08021
  -1      -0.03448     0.09964     0.06542
  -1       0.02112    -0.13112     0.08346
  -1       0.07363     0.11830    -0.00103
  -1      -0.06568     0.00604    -0.00772
  -1      -0.08363     0.02864    -0.03196
  -1      -0.06110     0.08817     0.02382
  -1       0.11530    -0.03984    -0.03874
  -1       0.06199    -0.06042     0.03326
  -1       0.06890     0.07407     0.08469
  -1       0.03184     0.10157     0.03511
  -1      -0.08331    -0.05681     0.10887
  -1       0.08914     0.00061     0.09005
  -1      -0.09521    -0.03050    -0.04444
  -1      -0.10181     0.02552     0.13365
  -1      -0.04645     0.06713    -0.03914
  -1       0.09622     0.02121     0.03342
  -1      -0.05370     0.04669    -0.05891
  -1       0.05258     0.06826    -0.00738
  -1       0.02243     0.02360     0.01932
  -1       0.07648    -0.09244     0.10055
  -1      -0.00231     0.00668     0.01852
  -1      -0.07988    -0.09988    -0.01347
  -1       0.01233    -0.01310    -0.08602
  -1       0.03478    -0.00266     0.13301
  -1      -0.02659    -0.02984     0.06802
  -1       0.02124    -0.05961    -0.09121
  -1      -0.02599     0.02434     0.02553
  -1      -0.05493    -0.02515    -0.08712
  -1      -0.01111    -0.01182    -0.04665
  -1      -0.01154    -0.00938     0.03125
  -1      -0.04114     0.04247    -0.04565
  -1       0.08372    -0.02163     0.03576
  -1      -0.05997    -0.03042     0.16189
  -1       0.11883     0.06702     0.08785
  -1       0.02405    -0.00084     0.00458
  -1      -0.12630    -0.05646    -0.03550
  -1      -0.12209    -0.03163    -0.04511
  -1      -0.04915     0.06007     0.11569
  -1      -0.09253     0.01072    -0.01494
  -1      -0.08197    -0.05914     0.02542
  -1       0.04253    -0.05566     0.07766
  -1       0.02930    -0.08141     0.02528
  -1       0.06318     0.02302     0.07528
  -1       0.01899     0.02359    -0.03544
  -1       0.02685    -0.06245     0.08136
  -1      -0.08328     0.02011     0.10090
  -1       0.04140    -0.11756    -0.01437
  -1      -0.02926     0.04312    -0.01241
  -1      -0.05019     0.02738    -0.00444
  -1       0.05008     0.01903    -0.03354
  -1      -0.04442    -0.02839    -0.01072
  -1      -0.14282     0.01369    -0.19634
  -1      -0.00694     0.04238     0.02079
  -1      -0.07887    -0.03067    -0.11262
  -1       0.09662    -0.00082    -0.05633
  -1      -0.09627    -0.04018     0.09653
  -1       0.07656    -0.04412     0.01263
  -1      -0.00692    -0.01263    -0.03300
  -1       0.04058    -0.04912     0.10828
  -1       0.10166    -0.03883    -0.08818
  -1      -0.02944    -0.00975     0.12182
  -1      -0.00444    -0.06776    -0.04273
  -1       0.03172    -0.03327    -0.06958
  -1       0.05580     0.01126    -0.13955
  -1      -0.17690     0.01783     0.03315
  -1       0.13601     0.03524    -0.02140
  -1      -0.10868    -0.02694    -0.05376
  -1      -0.00373    -0.03648    -0.01989
  -1      -0.02282     0.11837     0.01604
  -1      -0.01953     0.12890     0.02990
  -1      -0.03296    -0.07836    -0.02817
  -1      -0.06045    -0.02131     0.04924
  -1      -0.14002    -0.02499     0.05136
  -1       0.06892     0.12048     0.05669
  -1      -0.05889     0.05887    -0.08580
  -1      -0.03190     0.05195    -0.08169
  -1       0.03982    -0.01288     0.02640
  -1      -0.02864    -0.01764    -0.00519
  -1       0.01909     0.09008    -0.07486
  -1       0.00076    -0.12448     0.00521
  -1      -0.05343    -0.08625    -0.06114
  -1       0.06561     0.02822     0.05501
  -1       0.01156    -0.00704    -0.17331
  -1       0.05619    -0.04158     0.00796
  -1      -0.13162    -0.15473     0.02692
  -1       0.04055     0.14555    -0.03228
  -1      -0.03232    -0.04565     0.04086
  -1      -0.03813    -0.02245    -0.03726
  -1      -0.17610     0.12374     0.02495
  -1       0.03675     0.08582    -0.19959
  -1       0.01380     0.04825     0.04440
  -1       0.05443     0.06003     0.00135
  -1      -0.00506    -0.03357    -0.00489
  -1      -0.05864    -0.06695     0.09143
  -1      -0.00582     0.02594     0.15457
  -1      -0.09708    -0.01783    -0.00360
  -1      -0.01365    -0.08341     0.02652
  -1       0.05313    -0.10850     0.05333
  -1      -0.01115    -0.05534     0.04012
  -1       0.04090     0.09620     0.02761
  -1      -0.05697     0.14180     0.02536
  -1      -0.00420     0.14139    -0.07667
  -1       0.04960     0.07959     0.02198
  -1      -0.05505    -0.02410    -0.06064
  -1      -0.04482    -0.02305    -0.06677
  -1       0.01818    -0.02509     0.03539
  -1       0.05061    -0.11564    -0.05915
  -1       0.01135    -0.00737    -0.09521
  -1      -0.08085    -0.06299    -0.12446
  -1       0.05990     0.11240     0.02299
  -1      -0.02228    -0.04412     0.05614
  -1      -0.08981     0.01002    -0.08726
  -1      -0.05895     0.16026    -0.01745
  -1       0.06731     0.07363    -0.01732
  -1      -0.02031    -0.05447     0.02221
  -1      -0.14438     0.01696    -0.00797
  -1      -0.04330    -0.00037    -0.04916
  -1      -0.03027    -0.09560    -0.03233
  -1       0.11777    -0.15137     0.02326
  -1       0.09496     0.12137    -0.04380
  -1      -0.08900     0.00062    -0.05753
  -1       0.01186    -0.07775     0.05234
  -1      -0.05178     0.01504     0.05522
  -1       0.03527     0.04061    -0.01561
  -1      -0.01906     0.06675    -0.15079
  -1       0.04563    -0.07934    -0.05400
  -1       0.03069    -0.08959     0.01540
  -1       0.09972     0.01750    -0.04360
  -1      -0.05080     0.02949     0.06348
  -1       0.03187    -0.01562    -0.00086
  -1       0.04272     0.05249    -0.01951
  -1       0.01794     0.06506    -0.00700
  -1       0.06449     0.03481     0.05535
  -1       0.07329    -0.01428    -0.05442
  -1       0.06254     0.16108     0.08232
  -1       0.00445    -0.10705     0.08981
  -1      -0.01047     0.01469    -0.03499
  -1      -0.07590     0.07551     0.00405
  -1       0.09224     0.06594    -0.03783
  -1       0.00640    -0.02379     0.01352
  -1      -0.05520    -0.11594    -0.03555
  -1       0.03450     0.04967     0.06341
  -1       0.01366    -0.03887     0.04031
  -1       0.03872    -0.06561    -0.06825
  -1      -0.10218    -0.15687    -0.02767
  -1      -0.02479    -0.04501     0.01057
  -1      -0.06230    -0.02400    -0.03567
  -1      -0.00659    -0.07322     0.05868
  -1      -0.06815    -0.02069    -0.10856
  -1       0.02553     0.05386     0.01200
  -1      -0.01964     0.03485    -0.09554
  -1      -0.09637     0.06493     0.01275
  -1      -0.05289     0.01826    -0.10035
  -1      -0.01706     0.08136    -0.00980
  -1      -0.05664    -0.11417     0.11164
  -1      -0.07197    -0.06520    -0.08763
  -1      -0.15319    -0.02341    -0.04650
  -1       0.05475    -0.00158     0.02506
  -1       0.08698    -0.01149    -0.00315
  -1      -0.07928     0.06870     0.01948
  -1      -0.00676    -0.00841     0.01232
  -1      -0.00919     0.11366     0.01833
  -1       0.04922    -0.04201     0.01935
  -1       0.06335     0.02088     0.00965
  -1      -0.06022    -0.07366     0.09536
  -1      -0.10497    -0.15152    -0.07330
  -1      -0.02087    -0.02825     0.08418
  -1      -0.00099     0.05711     0.06634
  -1      -0.02078    -0.08824     0.08966
  -1       0.11429    -0.02585    -0.00518
  -1       0.08137    -0.01263     0.00999
  -1       0.02425     0.08735    -0.13718
  -1       0.12396    -0.11884     0.08696
  -1       0.11509    -0.05688     0.06059
  -1       0.03182     0.02677    -0.02677
  -1       0.01661    -0.05885     0.04780
  -1      -0.04911     0.15867    -0.09766
  -1       0.05338    -0.13247     0.08053
  -1       0.08422    -0.05535     0.05669
  -1      -0.02970    -0.03250    -0.00074
  -1      -0.10782    -0.00994    -0.03267
  -1      -0.00869     0.02826    -0.04231
  -1       0.01548     0.10705    -0.02001
  -1      -0.13813    -0.03037    -0.01861
  -1      -0.02203    -0.12022     0.04854
  -1       0.01151    -0.06277    -0.03882
  -1       0.04727     0.10449     0.03225
  -1       0.02301     0.03548    -0.00571
  -1      -0.02109     0.04404     0.04525
  -1       0.01937    -0.05945    -0.02258
  -1       0.01677     0.13092     0.07767
  -1       0.02216     0.07045    -0.01573
  -1      -0.11559    -0.04600     0.08303
  -1      -0.03394    -0.07660    -0.03790
  -1      -0.05447    -0.01144    -0.03739
  -1       0.01829    -0.01117    -0.00555
  -1       0.03809     0.06884    -0.02821
  -1       0.03032    -0.00434     0.01133
  -1      -0.01012    -0.00758    -0.02198
  -1      -0.01652    -0.04674    -0.11952
  -1      -0.12548     0.07895     0.00740
  -1      -0.03205     0.00484     0.03323
  -1       0.11514     0.12943    -0.10183
  -1       0.07571    -0.03221     0.03461
  -1      -0.00926    -0.15117    -0.00924
  -1      -0.01734    -0.06189     0.00770
  -1      -0.21886    -0.07477    -0.00943
  -1      -0.00348     0.16284     0.00144
  -1      -0.10947     0.17986    -0.06174
  -1      -0.10262    -0.02806    -0.11669
  -1      -0.06983     0.17160    -0.05129
  -1       0.02372     0.08800    -0.13240
  -1       0.02807     0.03145     0.02391
  -1       0.09509    -0.18316    -0.04816
  -1      -0.08543     0.06161     0.12797
  -1       0.00438    -0.05765    -0.07312
  -1      -0.04956    -0.01958    -0.02177
  -1       0.13195    -0.14276    -0.02823
  -1       0.02036     0.12291     0.11705
  -1       0.09160     0.08050     0.01098
  -1       0.11824     0.17135    -0.10212
  -1       0.01815     0.04060     0.09310
  -1       0.10021    -0.04767    -0.02504
  -1       0.04911     0.03955     0.06136
  -1      -0.01613    -0.06825     0.02253
  -1      -0.00445     0.04325    -0.10245
  -1      -0.12835    -0.10182    -0.07519
  -1      -0.13301     0.06261     0.00588
  -1       0.06373     0.07573    -0.01126
  -1      -0.03511    -0.07717     0.07601
  -1      -0.00757     0.04745     0.01633
  -1      -0.02674    -0.02973    -0.03565
  -1      -0.12631     0.01417    -0.05758
  -1      -0.04588     0.16556     0.13364
  -1      -0.02125    -0.03508    -0.03715
  -1       0.04366    -0.04259    -0.15339
  -1      -0.11709    -0.03231     0.05025
  -1      -0.00837     0.01516     0.02034
  -1       0.01297    -0.02896    -0.04727
  -1       0.16438     0.01980    -0.11430
  -1      -0.01903     0.02296     0.03279
  -1      -0.10493     0.06866    -0.01145
  -1      -0.01589     0.00045    -0.00886
  -1      -0.07845    -0.05694    -0.03791
  -1      -0.10193    -0.00416    -0.01499
  -1      -0.03742     0.01482     0.05218
  -1      -0.07192     0.00000     0.06058
  -1       0.07910     0.10011     0.08053
  -1       0.00073    -0.03426     0.09280
  -1       0.00208     0.01588     0.00330
  -1       0.10961     0.00322     0.11705
  -1      -0.05792     0.01850     0.00150
  -1      -0.01141     0.03174    -0.02018
  -1      -0.22182    -0.03702    -0.02316
  -1      -0.00662     0.04861    -0.01052
  -1       0.01697     0.04067     0.04390
  -1       0.00855     0.18030    -0.05498
  -1       0.11392    -0.02236    -0.05588
  -1       0.04473     0.08237     0.08082
  -1      -0.03419    -0.03494    -0.08398
  -1       0.21264     0.10587     0.03171
  -1       0.05126     0.03638     0.11727
  -1      -0.07074    -0.07126     0.08661
  -1       0.07971     0.06094    -0.00022
  -1       0.08050     0.04660     0.00781
  -1       0.00205     0.08344    -0.20001
  -1       0.00520     0.03961    -0.04693
  -1      -0.07546     0.03856     0.02195
  -1      -0.07674     0.04937     0.09367
  -1       0.01005     0.09962    -0.04376
  -1       0.03467     0.02557    -0.14007
  -1       0.14519    -0.08517     0.19598
  -1       0.01096     0.04347    -0.02237
  -1       0.10251    -0.00637     0.06217
  -1      -0.08230     0.09322     0.05215
  -1      -0.10403    -0.01101    -0.09683
  -1      -0.00073     0.15841    -0.02776
  -1       0.02648    -0.00075     0.07054
  -1       0.08044     0.03711    -0.03668
  -1       0.08772    -0.10387    -0.01366
  -1      -0.02072    -0.08656     0.06829
  -1      -0.09692    -0.02615    -0.01637
  -1       0.02590     0.08210    -0.01716
  -1      -0.08335    -0.01689     0.09419
  -1      -0.05758    -0.15404    -0.00612
  -1      -0.05247     0.07089     0.06476
  -1      -0.04655     0.02984     0.05097
  -1       0.03923    -0.03701    -0.00592
  -1       0.04873     0.06385    -0.01488
  -1       0.05404    -0.03718     0.06040
  -1       0.03830    -0.00791     0.03355
  -1      -0.07743     0.03694     0.03754
  -1       0.11874    -0.05951    -0.00242
  -1       0.05232    -0.03127     0.13055
  -1      -0.03522    -0.04895     0.12421
  -1      -0.01205    -0.09178     0.00008
  -1       0.06805     0.01396     0.01569
  -1      -0.04397    -0.00813    -0.03547
  -1      -0.15151    -0.07938    -0.02097
  -1      -0.05274     0.01549     0.02465
  -1       0.11931     0.00738    -0.10452
  -1      -0.02895    -0.03366    -0.03539
  -1      -0.15872     0.07131    -0.01432
  -1       0.09845     0.01263    -0.00688
  -1      -0.00053    -0.04334     0.03717
  -1      -0.01761     0.02548    -0.01241
  -1      -0.00859    -0.03641     0.07207
  -1       0.05249     0.01730     0.04216
  -1       0.04901    -0.05949     0.01998
  -1      -0.04451    -0.08538    -0.02618
  -1       0.07190     0.07180    -0.03853
  -1      -0.03275    -0.03949     0.07536
  -1       0.00872    -0.13631     0.06630
  -1       0.04379     0.01383     0.03508
  -1      -0.05212     0.06960    -0.10215
  -1      -0.03320    -0.01238     0.04145
  -1      -0.03737    -0.01121    -0.08455
  -1      -0.11176     0.03337     0.02513
  -1       0.10768     0.16848     0.02976
  -1      -0.05654     0.01775     0.00114
  -1      -0.12277     0.07659    -0.01616
  -1       0.03557     0.03758     0.22892
  -1       0.04274     0.00966     0.00533
  -1       0.01867     0.02160     0.11151
  -1       0.02804     0.02392     0.09301
  -1       0.06235    -0.09488    -0.01000
  -1      -0.05457    -0.03288     0.04151
  -1      -0.00080     0.07439    -0.03673
  -1       0.17669     0.07422     0.08780
  -1      -0.06158    -0.03689    -0.09747
  -1       0.03526    -0.02132    -0.08190
  -1      -0.04493     0.04441    -0.00025
  -1       0.06747     0.03827    -0.06669
  -1       0.06973    -0.00369     0.01626
  -1       0.07444    -0.03755    -0.08119
  -1      -0.04358    -0.02959    -0.00153
  -1       0.01561    -0.10651     0.08138
  -1      -0.05433     0.04289    -0.01655
  -1       0.00022     0.00691    -0.02022
  -1       0.11909    -0.01159    -0.15664
  -1       0.06805     0.07520    -0.06405
  -1       0.01012    -0.04913    -0.06362
  -1      -0.05421     0.04169    -0.05618
  -1       0.01569     0.05889    -0.05688
  -1      -0.17218     0.01664    -0.09707
  -1      -0.11297    -0.00262     0.08769
  -1      -0.07400     0.05152     0.06123
  -1       0.00594    -0.04800    -0.04523
  -1      -0.03291     0.03274    -0.01654
  -1      -0.04505    -0.09727     0.07534
  -1      -0.04173    -0.09226     0.03475
  -1      -0.03493     0.07321    -0.00618
  -1       0.08686     0.01724    -0.01573
  -1      -0.00878     0.03255     0.00214
  -1       0.03177     0.06764     0.05703
  -1      -0.14507    -0.17978     0.02195
  -1       0.01344     0.09750     0.05379
  -1       0.03264    -0.05616     0.04719
  -1      -0.01693    -0.00678     0.01151
  -1       0.11598    -0.02189     0.00880
  -1      -0.07980    -0.00737     0.01027
  -1       0.07246    -0.04980    -0.06027
  -1       0.05974    -0.00481     0.00552
  -1       0.08830     0.05202    -0.02643
  -1      -0.00734    -0.01521     0.01008
  -1       0.04671     0.03373     0.11028
  -1      -0.09811     0.01451    -0.00483
  -1       0.05314     0.06332    -0.02777
  -1       0.07895    -0.02053    -0.10771
  -1      -0.02895    -0.02497    -0.05620
  -1       0.01443     0.10337     0.02622
  -1       0.10167    -0.02773    -0.07936
  -1      -0.09206    -0.04057    -0.05750
  -1      -0.05353     0.01877    -0.07612
  -1      -0.06331    -0.00504    -0.03692
  -1       0.03488     0.03138     0.05760
  -1      -0.14840     0.01674    -0.03482
  -1      -0.06885     0.10715     0.04687
  -1      -0.02201     0.00739    -0.01406
  -1      -0.08211    -0.04017    -0.01534
  -1       0.07157    -0.00197    -0.01823
  -1       0.12583     0.02288     0.07938
  -1       0.03514    -0.04142     0.01388
  -1       0.07203     0.03727     0.00823
  -1       0.00763    -0.06562    -0.04057
  -1      -0.12450     0.00281    -0.04108
  -1       0.01674     0.00384    -0.08932
  -1       0.00159    -0.10632     0.00425
  -1      -0.04167     0.03625    -0.03220
  -1       0.01964    -0.11443    -0.00677
  -1       0.05757    -0.04211     0.02692
  -1       0.11014    -0.06035    -0.02826
  -1       0.01493    -0.01585     0.09132
  -1      -0.01539    -0.06180     0.07161
  -1      -0.03100    -0.03412    -0.05713
  -1      -0.02652    -0.10775    -0.01423
  -1       0.12355    -0.06445     0.04486
  -1      -0.03484     0.00392    -0.09059
  -1      -0.12517    -0.06296     0.00007
  -1       0.01104    -0.08761    -0.01408
  -1      -0.08925     0.02773     0.05877
  -1      -0.06600    -0.08982    -0.07469
  -1       0.05858    -0.06554     0.00132
  -1      -0.03458    -0.13093     0.05179
  -1      -0.11604    -0.05005     0.08020
  -1      -0.07291    -0.04752     0.01915
  -1       0.06286    -0.05481    -0.01818
  -1       0.05142     0.11355     0.03178
  -1       0.01033     0.07377     0.01707
  -1      -0.01697     0.04568    -0.03008
  -1       0.05048     0.05034    -0.07427
  -1      -0.04840     0.12393     0.08602
  -1       0.00573     0.13562    -0.03145
  -1      -0.01352    -0.03110    -0.05211
  -1      -0.10694     0.07760     0.10051
  -1       0.05649    -0.07680     0.02816
  -1      -0.02061     0.14367     0.02060
  -1      -0.03289    -0.11073     0.03970
  -1      -0.06775    -0.06365     0.04769
  -1      -0.02811    -0.01425    -0.03998
  -1       0.01028    -0.03679    -0.06360
  -1       0.08403    -0.03928     0.09247
  -1       0.08261     0.06704     0.05946
  -1       0.02572    -0.01779     0.01574
  -1       0.10718     0.02861    -0.01667
  -1       0.00237     0.05345    -0.01052
  -1      -0.09811    -0.00062     0.00599
  -1       0.02267    -0.03488     0.05684
  -1      -0.02128     0.09117    -0.05820
  -1       0.04136    -0.05022     0.09005
  -1      -0.00486     0.00199     0.08182
  -1       0.08502    -0.04282     0.05083
  -1       0.13651    -0.00111     0.13310
  -1      -0.00127    -0.04369    -0.16439
  -1      -0.00719    -0.02481     0.01643
  -1      -0.01774    -0.02746     0.05820
  -1      -0.00663     0.02449     0.11055
  -1      -0.02602    -0.13474     0.03444
  -1       0.01748    -0.01881    -0.08069
  -1       0.08942    -0.05169    -0.10616
  -1       0.07752     0.01130    -0.01973
  -1       0.03753    -0.03802    -0.03919
  -1       0.06964    -0.08610    -0.03746
  -1      -0.04337    -0.05810     0.01080
  -1      -0.01574    -0.03284     0.09154
  -1       0.02005    -0.09970    -0.06411
  -1      -0.07814    -0.03631    -0.05381
  -1       0.10687     0.03887     0.01034
  -1       0.10589     0.04714     0.06865
  -1       0.12252    -0.04258     0.01678
  -1      -0.03943     0.03608    -0.02498
  -1       0.03083     0.17474    -0.05006
  -1       0.06884     0.10875     0.05018
  -1       0.00945     0.06019     0.03526
  -1       0.13677     0.02147     0.02807
  -1      -0.08332     0.04454    -0.00179
  -1       0.15883    -0.07447     0.02172
  -1      -0.11593    -0.00399     0.01827
  -1       0.03333    -0.01117     0.00773
  -1       0.00077     0.05184    -0.05297
  -1       0.01090     0.10976     0.05591
  -1       0.09408     0.03009     0.00553
  -1       0.02709     0.02315     0.04664
  -1      -0.03650    -0.01383     0.10547
  -1       0.06560    -0.04339    -0.09592
  -1      -0.06876     0.01097    -0.04250
  -1      -0.05648    -0.02576    -0.01110
  -1      -0.00685    -0.04156     0.01186
  -1       0.01254     0.02935    -0.00214
  -1       0.15318    -0.10406    -0.09029
  -1      -0.00017    -0.05439     0.03841
  -1       0.03391     0.04228     0.12584
  -1      -0.03942    -0.06593    -0.03804
  -1       0.09849    -0.07910     0.02712
  -1       0.05692    -0.03727     0.01060
  -1       0.15770     0.05508    -0.03275
  -1      -0.06801     0.06550     0.01094
  -1      -0.05120    -0.02125     0.00136
  -1      -0.18888    -0.00962    -0.04917
  -1      -0.02920    -0.02463     0.04959
  -1      -0.08771     0.21200     0.00673
  -1       0.06972    -0.07938    -0.00045
  -1       0.12533    -0.03205     0.01220
  -1       0.07701    -0.08653     0.11489
  -1       0.04544    -0.11844     0.02795
  -1       0.00439     0.02138    -0.09333
  -1      -0.06418    -0.06412     0.05426
  -1      -0.08228     0.08968     0.01872
  -1      -0.01639     0.04513    -0.01595
  -1       0.05788     0.10231     0.03744
  -1       0.08593     0.05305     0.09935
  -1       0.04531     0.01057    -0.06039
  -1       0.08371     0.02250    -0.04386
  -1      -0.03085     0.11750     0.03786
  -1       0.05378     0.02722    -0.08691
  -1       0.01231     0.03615     0.01544
  -1       0.02260    -0.14115     0.00115
  -1       0.01399     0.05112    -0.11909
  -1      -0.04453     0.04159    -0.04212
  -1       0.00197    -0.11840     0.00550
  -1      -0.03593     0.07890    -0.10543
  -1       0.01114     0.03798    -0.10452
  -1      -0.01099     0.04545    -0.00334
  -1       0.10255    -0.07601    -0.02797
  -1      -0.12102     0.08350    -0.04468
  -1      -0.00066    -0.00161     0.12479
  -1      -0.05609     0.03142     0.06330
  -1       0.02676    -0.00399    -0.09175
  -1      -0.08732    -0.02873     0.05716
  -1       0.06247     0.06253     0.13318
  -1      -0.01084    -0.02162    -0.00537
  -1      -0.10816     0.09100     0.00245
  -1       0.06085     0.00217    -0.01065
  -1      -0.04707     0.08800     0.02765
  -1       0.04379    -0.00129    -0.06889
  -1      -0.08328    -0.07936    -0.05147
  -1      -0.04392    -0.03096    -0.04209
  -1       0.03527     0.06251    -0.00674
  -1      -0.03111    -0.02938    -0.06370
  -1       0.05570    -0.12011    -0.06583
  -1      -0.03285    -0.01924     0.09673
  -1       0.14273    -0.03807     0.00710
  -1      -0.10425     0.03364     0.00388
  -1      -0.04879     0.08627     0.03290
  -1      -0.01277     0.01541    -0.06146
  -1      -0.05124     0.10475    -0.02880
  -1      -0.02751     0.09512     0.01656
  -1      -0.08547    -0.01279     0.09665
  -1       0.10546     0.14205    -0.04930
  -1      -0.00964     0.01785    -0.01713
  -1       0.08250     0.07187     0.07710
  -1      -0.05406     0.03250     0.01652
  -1       0.04168    -0.00762     0.03075
  -1       0.03518    -0.15774    -0.14041
  -1       0.03076    -0.02289    -0.02836
  -1       0.10867    -0.05179     0.02188
  -1      -0.01884    -0.04766    -0.13254
  -1       0.04079     0.07719     0.01003
  -1       0.07771    -0.02682     0.07465
  -1       0.10575     0.00037     0.04968
  -1       0.02869    -0.00724    -0.04490
  -1      -0.07124    -0.15653     0.10512
  -1       0.06861    -0.10766     0.09697
  -1       0.11677     0.11967    -0.12143
  -1       0.04259    -0.05494    -0.16145
  -1      -0.01465    -0.05126    -0.04956
  -1      -0.01492     0.01208    -0.00728
  -1       0.00262    -0.04274    -0.14511
  -1       0.09248     0.02876     0.02330
  -1       0.04496     0.01133    -0.02117
  -1      -0.06373     0.06039     0.00201
  -1      -0.05853     0.06400     0.02202
  -1       0.00658     0.06410    -0.05999
  -1      -0.00334    -0.02644    -0.00439
  -1      -0.09010    -0.04221    -0.04693
  -1      -0.11420     0.03769     0.05711
  -1       0.03615    -0.01718    -0.02908
  -1      -0.16451     0.01536    -0.02829
  -1       0.06424     0.02130    -0.08493
  -1       0.04376    -0.07663    -0.08583
  -1       0.03056     0.02026     0.10883
  -1      -0.01104     0.01726     0.00137
  -1       0.04581    -0.03864     0.05826
  -1      -0.09758     0.10633    -0.04322
  -1      -0.11174    -0.06198    -0.08092
  -1       0.05104     0.03856     0.05201
  -1      -0.08484    -0.09469    -0.07698
  -1      -0.02964     0.01676    -0.03853
  -1       0.02668    -0.01966    -0.00571
  -1      -0.00355    -0.01465     0.07151
  -1      -0.11925    -0.01288     0.03041
  -1       0.05309    -0.04002     0.01927
  -1      -0.11335    -0.01866    -0.02448
  -1      -0.01060     0.00617     0.12439
  -1      -0.00014     0.00138    -0.00786
  -1      -0.04947     0.00560    -0.03950
  -1       0.04068     0.05172    -0.02338
  -1       0.14021    -0.07519     0.17064
  -1       0.02436    -0.00838    -0.05866
  -1       0.00804    -0.03023    -0.04510
  -1       0.00959    -0.12772     0.03144
  -1       0.13355     0.02363    -0.06994
  -1      -0.00142    -0.08368    -0.02711
  -1       0.02819    -0.05686     0.01890
  -1       0.02101    -0.00603     0.13443
  -1       0.08184     0.04791    -0.14479
  -1       0.04981     0.05554     0.09126
  -1       0.15071    -0.03142    -0.06447
  -1      -0.04686    -0.01955    -0.05708
  -1       0.05375    -0.10554    -0.11171
  -1       0.15542    -0.02111     0.07382
  -1       0.03708     0.02654    -0.08953
  -1       0.04496    -0.04746    -0.12812
  -1      -0.01608    -0.07901    -0.05483
  -1       0.04682    -0.04302     0.00033
  -1       0.06077    -0.02642     0.11540
  -1      -0.04516    -0.04850     0.12763
  -1      -0.04433     0.01681    -0.05185
  -1      -0.09584     0.04031     0.02828
  -1       0.16026    -0.16851    -0.06436
  -1       0.01385     0.03817     0.09407
  -1      -0.05158    -0.07735     0.01961
  -1      -0.06644    -0.08867     0.08986
  -1       0.06150     0.04089     0.00378
  -1      -0.08018    -0.05508    -0.02943
  -1       0.09851    -0.02494     0.02812
  -1      -0.03868     0.05822    -0.03782
  -1       0.00566     0.03418     0.11872
  -1      -0.04262    -0.00734     0.09849
  -1       0.01073    -0.01159     0.04071
  -1       0.04971    -0.05853    -0.04164
  -1      -0.00906    -0.01398    -0.13073
  -1      -0.02181    -0.02677     0.03314
  -1       0.02330     0.00100    -0.01407
  -1       0.02901    -0.05016    -0.03563
  -1       0.05619    -0.07483     0.02382
  -1       0.04088     0.02657    -0.03129
  -1      -0.00062    -0.02160    -0.06260
  -1      -0.00162    -0.06263    -0.07154
  -1       0.00292    -0.07371    -0.00806
  -1      -0.10553     0.00939     0.00298
  -1       0.01210     0.05084     0.13721
  -1       0.04016    -0.04178     0.08356
  -1      -0.01647    -0.04282    -0.12438
  -1       0.09199    -0.00778     0.07008
  -1      -0.05290     0.10770    -0.00452
  -1       0.00620    -0.06478     0.10669
  -1      -0.03052     0.02184     0.10318
  -1      -0.10409     0.08981    -0.07649
  -1      -0.06708     0.00938    -0.00145
  -1       0.06677     0.11593    -0.07166
  -1       0.00426     0.10292     0.09504
